-0.048000,0.411000,0.757000,-3.160000,-2.076000,0.496000
-0.022000,0.393000,0.754000,-2.908000,-2.038000,0.756000
-0.023000,0.396000,0.756000,-3.359000,-2.786000,1.015000
0.018000,0.380000,0.718000,-3.466000,-2.366000,0.450000
0.032000,0.376000,0.712000,-3.107000,-1.435000,0.176000
0.044000,0.381000,0.679000,-2.924000,0.053000,0.168000
0.036000,0.393000,0.710000,-2.748000,1.641000,-0.069000
-0.037000,0.410000,0.768000,-1.802000,1.893000,0.817000
-0.045000,0.421000,0.770000,-2.611000,0.992000,1.229000
-0.045000,0.406000,0.776000,-2.779000,-0.260000,1.412000
-0.029000,0.393000,0.765000,-3.527000,-1.618000,1.244000
0.027000,0.358000,0.717000,-3.145000,-1.000000,0.519000
0.015000,0.372000,0.724000,-2.809000,-0.252000,0.252000
0.039000,0.376000,0.699000,-2.550000,0.939000,-0.267000
0.007000,0.396000,0.718000,-2.473000,1.947000,-0.344000
0.005000,0.401000,0.716000,-1.969000,1.947000,0.359000
-0.029000,0.420000,0.769000,-2.649000,2.603000,0.344000
-0.079000,0.422000,0.792000,-2.489000,0.756000,1.595000
-0.043000,0.409000,0.774000,-3.290000,-0.878000,1.695000
-0.009000,0.375000,0.757000,-3.443000,-1.366000,1.565000
0.010000,0.367000,0.739000,-3.214000,-1.183000,0.824000
0.002000,0.372000,0.734000,-2.809000,-0.863000,0.321000
0.006000,0.383000,0.727000,-3.000000,-0.534000,0.000000
0.007000,0.380000,0.723000,-2.847000,-0.168000,0.023000
0.029000,0.386000,0.714000,-3.038000,0.679000,-0.160000
0.039000,0.386000,0.702000,-2.466000,1.786000,-0.061000
0.041000,0.376000,0.693000,-2.221000,3.588000,-0.267000
0.045000,0.391000,0.684000,-2.229000,5.412000,-0.389000
0.017000,0.378000,0.703000,-1.641000,6.023000,0.008000
0.065000,0.349000,0.660000,-2.985000,7.656000,-1.260000
0.081000,0.302000,0.646000,-4.550000,7.878000,-2.962000
0.199000,0.291000,0.511000,-9.756000,10.214000,-6.863000
0.287000,0.191000,0.405000,-17.298000,10.840000,-12.397000
0.384000,0.081000,0.339000,-24.107000,15.656000,-23.305000
0.392000,0.104000,0.732000,-15.275000,41.305000,-36.336000
-0.571000,0.411000,1.153000,7.954000,37.023000,-21.626000
-0.382000,0.630000,0.891000,-0.458000,22.947000,-17.366000
-0.316000,0.487000,0.971000,-0.771000,16.053000,-12.710000
-0.135000,0.513000,0.857000,-0.679000,11.412000,-9.084000
0.043000,0.399000,0.662000,-1.450000,13.321000,-9.527000
0.165000,0.352000,0.485000,-4.817000,17.565000,-12.802000
0.325000,0.248000,0.325000,-6.550000,25.122000,-15.664000
0.603000,0.108000,0.081000,-3.244000,40.718000,-18.328000
0.821000,-0.014000,-0.111000,3.092000,66.573000,-24.328000
0.838000,-0.049000,-0.155000,12.275000,95.794000,-29.504000
0.739000,-0.038000,-0.174000,19.786000,124.260000,-35.435000
0.623000,-0.040000,-0.187000,25.282000,150.565000,-42.466000
0.500000,-0.014000,-0.175000,29.878000,175.015000,-50.695000
0.379000,0.036000,-0.166000,31.679000,197.962000,-59.550000
0.182000,0.063000,-0.108000,35.122000,218.817000,-66.924000
0.022000,0.155000,-0.073000,36.809000,239.947000,-75.954000
-0.143000,0.235000,-0.046000,33.710000,250.130000,-86.153000
-0.508000,0.356000,0.131000,25.794000,250.130000,-96.824000
-0.473000,0.228000,0.120000,13.053000,250.130000,-118.366000
-0.813000,1.004000,0.761000,-23.298000,250.130000,-151.328000
-2.000000,2.000000,2.000000,-42.260000,250.130000,-193.901000
-2.000000,1.289000,2.000000,145.649000,-147.038000,179.298000
2.000000,0.640000,-1.963000,-30.672000,-198.656000,44.198000
0.381000,1.469000,-0.089000,9.687000,-44.626000,53.435000
-0.559000,0.579000,0.464000,-67.519000,-84.008000,7.267000
0.239000,-0.106000,0.521000,-79.672000,-61.580000,-8.122000
0.455000,-0.643000,0.536000,0.450000,1.786000,-0.458000
-0.038000,0.115000,0.323000,9.504000,19.924000,-8.344000
-0.294000,0.287000,0.521000,10.672000,30.885000,-8.863000
-0.849000,0.618000,0.799000,13.229000,28.733000,-5.084000
-0.950000,0.625000,0.761000,3.435000,6.504000,1.573000
-0.610000,0.518000,0.578000,-1.229000,-5.947000,5.153000
-0.477000,0.449000,0.558000,-5.893000,-8.420000,3.763000
-0.347000,0.293000,0.552000,-6.847000,-5.122000,0.863000
-0.332000,0.252000,0.546000,-1.710000,1.916000,-0.611000
-0.446000,0.363000,0.575000,-2.137000,3.977000,-1.481000
-0.519000,0.397000,0.596000,-1.954000,2.672000,-0.519000
-0.531000,0.404000,0.619000,-3.122000,0.420000,0.840000
-0.485000,0.391000,0.585000,-2.580000,-0.687000,1.427000
-0.463000,0.385000,0.583000,-2.855000,-1.214000,1.618000
-0.444000,0.364000,0.563000,-2.496000,-0.015000,0.939000
-0.457000,0.355000,0.582000,-1.809000,0.542000,1.046000
-0.472000,0.372000,0.595000,-1.969000,0.565000,0.924000
-0.470000,0.377000,0.586000,-1.878000,0.115000,1.298000
-0.471000,0.376000,0.584000,-2.061000,0.008000,1.435000
-0.465000,0.371000,0.586000,-1.710000,0.099000,1.328000
-0.462000,0.385000,0.579000,-2.015000,0.344000,0.863000
-0.465000,0.374000,0.589000,-1.924000,0.786000,0.954000
-0.470000,0.374000,0.586000,-1.763000,0.992000,0.931000
-0.476000,0.370000,0.592000,-1.061000,1.344000,1.176000
-0.472000,0.377000,0.576000,-1.458000,1.221000,0.985000
-0.475000,0.387000,0.574000,-1.954000,0.748000,0.756000
-0.482000,0.388000,0.596000,-2.511000,0.336000,0.817000
-0.484000,0.388000,0.582000,-2.588000,0.053000,0.687000
-0.478000,0.383000,0.576000,-2.885000,-0.397000,0.878000
-0.473000,0.382000,0.582000,-2.779000,-0.221000,0.794000
-0.465000,0.382000,0.583000,-3.053000,-0.351000,0.573000
-0.470000,0.363000,0.581000,-2.679000,0.069000,0.656000
-0.470000,0.391000,0.583000,-3.137000,-0.290000,0.702000
-0.466000,0.371000,0.585000,-3.366000,-0.198000,0.351000
-0.470000,0.375000,0.580000,-3.198000,-0.046000,0.450000
-0.475000,0.371000,0.587000,-3.145000,0.176000,0.282000
-0.473000,0.385000,0.575000,-2.969000,-0.076000,0.649000
-0.474000,0.375000,0.584000,-2.908000,0.099000,0.458000
-0.474000,0.368000,0.585000,-2.931000,-0.290000,0.733000
