-0.001000,0.404000,0.736000,-0.389000,0.893000,3.092000
0.013000,0.402000,0.741000,-0.855000,0.863000,3.603000
0.015000,0.404000,0.737000,-0.656000,1.198000,3.809000
0.008000,0.397000,0.746000,-0.672000,1.275000,4.015000
-0.020000,0.399000,0.770000,-0.061000,1.206000,4.397000
-0.004000,0.405000,0.765000,0.038000,0.786000,4.863000
-0.063000,0.401000,0.812000,0.649000,-0.618000,5.489000
-0.032000,0.414000,0.771000,0.466000,-1.405000,5.878000
0.017000,0.373000,0.738000,-0.008000,-2.221000,5.641000
0.042000,0.371000,0.731000,-0.504000,-1.504000,4.160000
0.037000,0.367000,0.729000,-0.916000,-1.435000,3.405000
0.043000,0.363000,0.701000,-1.397000,-1.038000,2.427000
0.037000,0.373000,0.725000,-0.718000,0.229000,1.779000
0.013000,0.399000,0.743000,-1.183000,-0.237000,2.130000
0.036000,0.392000,0.718000,-1.656000,0.038000,1.733000
0.031000,0.387000,0.732000,-1.771000,0.916000,1.076000
0.018000,0.407000,0.748000,-1.641000,1.527000,0.947000
-0.045000,0.423000,0.777000,-1.878000,0.344000,1.412000
-0.037000,0.414000,0.781000,-2.412000,-0.885000,1.748000
0.002000,0.396000,0.760000,-2.000000,-1.557000,2.038000
0.032000,0.380000,0.735000,-2.405000,-1.107000,1.305000
0.026000,0.382000,0.722000,-3.221000,-1.008000,0.260000
0.081000,0.367000,0.688000,-2.588000,0.397000,0.000000
0.033000,0.391000,0.712000,-2.809000,0.962000,-0.290000
0.055000,0.396000,0.692000,-2.817000,2.702000,-0.115000
0.005000,0.419000,0.760000,-1.374000,4.046000,0.137000
-0.065000,0.447000,0.790000,-1.641000,2.061000,1.435000
-0.034000,0.409000,0.766000,-2.817000,0.023000,1.427000
0.014000,0.386000,0.760000,-2.947000,-0.443000,1.107000
0.051000,0.362000,0.740000,-2.916000,-0.115000,0.176000
0.050000,0.365000,0.718000,-2.786000,1.053000,-0.824000
0.043000,0.374000,0.707000,-2.427000,1.969000,-0.870000
0.123000,0.365000,0.651000,-1.015000,5.000000,-1.237000
0.091000,0.355000,0.657000,-0.878000,5.863000,-1.473000
0.129000,0.363000,0.597000,-0.504000,10.092000,-1.863000
0.166000,0.343000,0.563000,-1.496000,12.733000,-2.603000
0.288000,0.268000,0.409000,-4.664000,17.443000,-5.275000
0.488000,0.136000,0.269000,-13.962000,22.450000,-14.092000
0.636000,0.016000,0.168000,-13.229000,38.595000,-23.756000
0.569000,0.011000,0.203000,-14.947000,53.405000,-34.634000
0.613000,-0.021000,0.112000,-9.115000,69.702000,-41.718000
0.576000,-0.040000,0.090000,-2.878000,90.809000,-48.275000
0.580000,0.006000,-0.003000,4.611000,111.046000,-52.855000
0.580000,-0.036000,-0.042000,2.305000,132.679000,-64.221000
0.610000,-0.091000,-0.133000,10.931000,158.389000,-72.412000
0.420000,-0.007000,-0.133000,18.527000,185.931000,-80.779000
0.212000,0.118000,-0.144000,23.206000,206.901000,-86.206000
0.030000,0.224000,-0.079000,24.733000,226.252000,-91.641000
-0.153000,0.325000,-0.010000,26.015000,243.038000,-95.374000
-0.392000,0.354000,0.114000,26.298000,250.130000,-95.542000
-0.605000,0.381000,0.244000,23.817000,250.130000,-96.656000
-0.641000,0.316000,0.327000,32.282000,250.130000,-96.802000
-1.003000,0.682000,0.573000,-17.435000,250.130000,-137.137000
-2.000000,2.000000,2.000000,-48.305000,250.130000,-213.153000
-2.000000,1.422000,2.000000,202.351000,-94.130000,195.405000
1.309000,1.395000,-1.695000,-82.550000,-249.397000,31.237000
1.260000,0.453000,-0.195000,-41.611000,-49.786000,29.496000
-0.433000,0.405000,0.601000,32.672000,-45.740000,43.924000
-0.085000,0.674000,0.476000,-75.794000,-56.511000,-8.962000
0.389000,-0.630000,0.552000,-21.992000,-7.626000,-8.656000
0.033000,0.018000,0.353000,20.374000,24.290000,-5.092000
-0.303000,0.376000,0.489000,8.519000,32.122000,-11.756000
-0.786000,0.611000,0.756000,12.687000,33.824000,-8.901000
-0.845000,0.553000,0.690000,3.802000,14.756000,-3.573000
-0.536000,0.415000,0.553000,2.282000,6.824000,-0.389000
-0.574000,0.447000,0.618000,3.679000,4.695000,0.802000
-0.558000,0.427000,0.615000,-2.336000,-0.206000,-0.031000
-0.499000,0.364000,0.584000,-1.038000,-1.282000,1.412000
-0.481000,0.361000,0.595000,-2.855000,-1.855000,1.725000
-0.420000,0.335000,0.559000,-0.962000,0.611000,1.565000
-0.407000,0.368000,0.541000,-0.458000,3.626000,0.176000
-0.471000,0.398000,0.566000,-1.069000,5.229000,-0.756000
-0.539000,0.409000,0.602000,-1.756000,3.321000,-0.542000
-0.548000,0.401000,0.597000,-2.511000,0.374000,0.427000
-0.506000,0.389000,0.581000,-2.260000,-1.145000,1.359000
-0.456000,0.379000,0.565000,-2.824000,-0.939000,0.794000
-0.440000,0.363000,0.559000,-3.160000,0.466000,-0.359000
-0.455000,0.361000,0.573000,-2.504000,1.664000,-0.412000
-0.470000,0.378000,0.569000,-2.718000,2.267000,-1.046000
-0.479000,0.383000,0.580000,-2.878000,2.412000,-1.107000
-0.504000,0.389000,0.588000,-2.832000,2.137000,-0.901000
-0.503000,0.378000,0.590000,-2.740000,1.244000,-0.466000
-0.499000,0.380000,0.585000,-2.634000,0.840000,0.115000
-0.496000,0.380000,0.578000,-2.504000,0.344000,0.206000
-0.469000,0.374000,0.566000,-2.840000,0.374000,0.008000
-0.462000,0.370000,0.557000,-2.687000,1.160000,-0.122000
-0.465000,0.369000,0.560000,-2.504000,2.107000,-0.649000
-0.465000,0.368000,0.572000,-2.443000,2.893000,-1.153000
-0.495000,0.379000,0.581000,-2.115000,3.145000,-1.038000
-0.509000,0.377000,0.586000,-2.160000,2.656000,-0.374000
-0.498000,0.377000,0.579000,-1.618000,2.000000,0.153000
-0.488000,0.377000,0.567000,-2.061000,1.779000,0.046000
-0.485000,0.371000,0.576000,-2.122000,1.336000,-0.107000
-0.480000,0.377000,0.575000,-2.038000,1.458000,-0.160000
-0.484000,0.381000,0.577000,-2.427000,1.504000,-0.267000
-0.493000,0.386000,0.564000,-2.565000,1.664000,-0.504000
-0.498000,0.382000,0.583000,-2.542000,1.267000,-0.099000
-0.495000,0.383000,0.578000,-2.725000,0.885000,-0.198000
-0.491000,0.381000,0.571000,-2.588000,0.763000,0.053000
-0.488000,0.371000,0.578000,-2.458000,0.557000,0.580000
-0.490000,0.376000,0.570000,-2.252000,0.519000,0.634000
