0.073000,0.421000,0.670000,-1.779000,5.588000,-0.031000
-0.049000,0.467000,0.790000,-0.603000,6.710000,1.137000
-0.145000,0.486000,0.831000,-1.992000,2.221000,3.214000
-0.050000,0.423000,0.791000,-3.344000,-0.466000,3.435000
-0.026000,0.387000,0.821000,-3.031000,-1.885000,2.405000
0.011000,0.349000,0.776000,-3.405000,-3.443000,0.840000
0.026000,0.354000,0.741000,-3.382000,-3.412000,-1.038000
0.021000,0.384000,0.735000,-3.305000,-3.878000,-1.511000
0.046000,0.391000,0.688000,-3.397000,-3.198000,-1.573000
0.082000,0.406000,0.674000,-3.397000,-1.336000,-1.679000
0.084000,0.423000,0.667000,-2.893000,0.802000,-1.275000
0.081000,0.418000,0.648000,-2.603000,3.252000,-0.947000
0.073000,0.425000,0.669000,-1.969000,6.069000,-0.168000
0.039000,0.427000,0.706000,-1.985000,7.008000,0.924000
0.020000,0.414000,0.711000,-3.023000,7.313000,0.656000
0.037000,0.397000,0.737000,-4.282000,7.580000,-0.573000
-0.123000,0.425000,0.882000,-2.061000,6.656000,-0.412000
-0.134000,0.447000,0.842000,-3.305000,0.702000,1.069000
-0.064000,0.391000,0.801000,-4.198000,-1.679000,0.634000
0.019000,0.365000,0.775000,-4.221000,-3.092000,-0.427000
0.090000,0.339000,0.693000,-3.916000,-1.771000,-2.069000
0.092000,0.362000,0.665000,-3.878000,0.527000,-3.710000
0.099000,0.381000,0.653000,-3.053000,2.733000,-4.267000
0.073000,0.386000,0.654000,-3.679000,4.351000,-4.626000
0.097000,0.384000,0.661000,-3.985000,7.351000,-5.496000
-0.088000,0.436000,0.808000,-1.725000,7.595000,-4.275000
-0.046000,0.456000,0.755000,-2.901000,5.908000,-2.847000
-0.044000,0.420000,0.760000,-3.710000,3.962000,-2.489000
0.021000,0.392000,0.724000,-4.901000,3.534000,-3.084000
0.084000,0.358000,0.662000,-4.863000,4.511000,-4.321000
0.109000,0.349000,0.628000,-7.405000,6.344000,-6.725000
0.123000,0.326000,0.584000,-11.221000,7.374000,-9.405000
0.241000,0.280000,0.459000,-17.809000,8.496000,-13.511000
0.365000,0.199000,0.340000,-28.023000,11.069000,-21.557000
0.515000,0.094000,0.262000,-34.649000,19.855000,-32.504000
0.552000,0.011000,0.260000,-33.916000,34.374000,-42.389000
0.594000,-0.054000,0.189000,-26.779000,53.565000,-49.603000
0.703000,-0.146000,-0.007000,-9.977000,78.008000,-52.977000
0.878000,-0.064000,-0.223000,5.473000,110.351000,-55.458000
0.784000,-0.053000,-0.253000,10.885000,143.595000,-63.275000
0.638000,-0.003000,-0.269000,22.664000,174.069000,-66.374000
0.430000,0.098000,-0.271000,26.542000,201.084000,-72.527000
0.237000,0.167000,-0.248000,27.069000,222.817000,-78.809000
0.008000,0.246000,-0.140000,29.740000,243.580000,-82.855000
-0.170000,0.311000,-0.087000,26.664000,250.130000,-89.008000
-0.372000,0.350000,-0.033000,22.496000,250.130000,-94.748000
-0.681000,0.303000,0.156000,13.840000,250.130000,-103.076000
-0.523000,0.212000,0.091000,16.756000,250.130000,-111.771000
-1.089000,0.215000,2.000000,-62.359000,250.130000,-220.817000
-2.000000,2.000000,2.000000,193.924000,250.130000,-13.069000
-2.000000,0.281000,-0.792000,149.534000,-250.137000,198.710000
2.000000,0.448000,-2.000000,-185.649000,-148.603000,-93.901000
0.238000,-0.632000,-0.108000,2.252000,-38.786000,46.046000
-0.375000,0.898000,0.430000,-39.061000,-65.641000,9.733000
0.064000,0.004000,0.640000,-87.153000,-49.893000,-19.710000
0.223000,-0.591000,0.548000,0.397000,2.031000,-2.046000
-0.053000,0.136000,0.337000,5.916000,16.939000,-7.901000
-0.357000,0.284000,0.567000,9.542000,27.031000,-7.107000
-0.851000,0.577000,0.820000,10.344000,21.863000,-2.382000
-0.829000,0.526000,0.725000,4.076000,4.618000,3.748000
-0.531000,0.479000,0.544000,1.435000,-2.672000,5.412000
-0.478000,0.453000,0.564000,-4.405000,-5.351000,2.863000
-0.374000,0.307000,0.562000,-6.076000,-3.412000,0.176000
-0.379000,0.267000,0.566000,-1.618000,1.893000,-0.664000
-0.477000,0.357000,0.599000,-2.053000,2.809000,-0.878000
-0.520000,0.391000,0.602000,-2.237000,1.794000,0.176000
-0.514000,0.371000,0.612000,-2.198000,0.099000,1.321000
-0.479000,0.374000,0.596000,-1.511000,-0.336000,1.908000
-0.460000,0.347000,0.570000,-1.466000,0.015000,1.565000
-0.454000,0.364000,0.576000,-1.534000,0.260000,1.519000
-0.468000,0.357000,0.590000,-1.313000,0.656000,1.496000
-0.486000,0.357000,0.591000,-1.252000,0.183000,1.527000
-0.474000,0.387000,0.574000,-2.000000,0.084000,1.382000
-0.466000,0.372000,0.590000,-2.145000,0.267000,1.000000
-0.473000,0.380000,0.580000,-2.237000,0.115000,0.809000
-0.466000,0.355000,0.590000,-2.160000,0.634000,1.015000
-0.457000,0.361000,0.592000,-1.779000,0.817000,0.939000
-0.478000,0.373000,0.594000,-1.405000,0.710000,1.313000
-0.473000,0.370000,0.585000,-1.534000,0.763000,1.221000
-0.466000,0.366000,0.586000,-1.992000,0.511000,1.122000
-0.480000,0.385000,0.584000,-1.931000,0.382000,0.969000
-0.475000,0.381000,0.583000,-2.924000,0.130000,0.573000
-0.480000,0.385000,0.583000,-3.015000,-0.450000,0.672000
-0.479000,0.375000,0.586000,-3.275000,-0.473000,0.389000
-0.461000,0.379000,0.589000,-3.847000,-0.550000,0.145000
-0.481000,0.364000,0.600000,-3.069000,-0.550000,0.710000
-0.459000,0.375000,0.584000,-3.740000,-0.260000,0.153000
-0.469000,0.370000,0.583000,-3.046000,-0.313000,0.626000
-0.469000,0.375000,0.587000,-3.389000,-0.153000,0.435000
-0.471000,0.368000,0.594000,-3.092000,-0.206000,0.550000
-0.479000,0.368000,0.591000,-3.405000,-0.366000,0.183000
-0.473000,0.378000,0.592000,-3.489000,0.153000,0.153000
-0.613000,0.441000,0.715000,-4.710000,-0.641000,0.107000
-0.828000,0.530000,0.833000,-7.328000,-7.992000,3.435000
-0.887000,0.548000,0.809000,-13.046000,-26.023000,9.092000
-0.680000,0.508000,0.730000,-12.809000,-34.885000,15.168000
-0.448000,0.487000,0.547000,-16.954000,-35.206000,16.748000
-0.646000,0.365000,0.794000,-14.076000,-36.542000,16.527000
-0.473000,0.275000,0.662000,-10.023000,-40.206000,18.985000
-0.305000,0.233000,0.548000,-7.252000,-36.756000,15.870000
