-0.080000,0.437000,0.817000,-3.618000,-3.053000,3.802000
0.000000,0.381000,0.797000,-4.794000,-4.450000,2.420000
0.062000,0.331000,0.749000,-4.504000,-5.244000,0.771000
0.083000,0.353000,0.711000,-3.802000,-2.817000,-1.313000
0.015000,0.397000,0.736000,-3.099000,-3.473000,-1.275000
0.049000,0.416000,0.694000,-3.557000,-3.115000,-0.863000
0.075000,0.413000,0.686000,-3.046000,-1.405000,-0.443000
0.071000,0.416000,0.677000,-3.092000,0.176000,-0.122000
0.045000,0.438000,0.727000,-1.603000,3.305000,0.061000
-0.051000,0.469000,0.771000,-1.618000,1.489000,2.031000
0.001000,0.426000,0.746000,-3.069000,0.550000,2.389000
0.026000,0.393000,0.760000,-2.893000,0.534000,2.466000
0.027000,0.382000,0.761000,-3.107000,0.053000,1.344000
0.015000,0.385000,0.748000,-3.573000,-0.718000,0.397000
-0.009000,0.403000,0.782000,-3.466000,-0.947000,-0.115000
-0.005000,0.412000,0.752000,-3.359000,-3.000000,0.878000
0.044000,0.396000,0.724000,-4.076000,-2.412000,0.565000
0.060000,0.400000,0.711000,-3.878000,-1.481000,0.153000
0.087000,0.393000,0.679000,-3.710000,-0.198000,-0.145000
0.047000,0.418000,0.720000,-3.237000,1.626000,-0.557000
-0.035000,0.441000,0.775000,-2.893000,0.038000,0.969000
-0.007000,0.425000,0.747000,-3.420000,-0.580000,1.046000
-0.017000,0.408000,0.793000,-3.214000,-1.298000,1.481000
0.027000,0.391000,0.749000,-4.183000,-2.504000,0.870000
0.041000,0.379000,0.724000,-3.740000,-2.420000,0.107000
0.083000,0.379000,0.702000,-3.290000,-1.244000,-0.374000
0.052000,0.393000,0.722000,-2.466000,0.443000,-0.649000
0.019000,0.418000,0.733000,-2.748000,0.344000,-0.275000
0.036000,0.415000,0.723000,-2.794000,0.496000,0.008000
0.041000,0.410000,0.729000,-2.588000,0.962000,0.473000
0.048000,0.408000,0.721000,-2.931000,1.824000,0.122000
0.018000,0.417000,0.740000,-3.000000,2.160000,0.389000
-0.000000,0.417000,0.756000,-2.740000,1.107000,0.786000
0.030000,0.406000,0.741000,-2.977000,1.237000,0.786000
0.044000,0.385000,0.727000,-2.832000,1.893000,0.542000
0.061000,0.386000,0.707000,-2.702000,2.725000,0.168000
0.066000,0.378000,0.703000,-2.618000,3.626000,-0.420000
0.072000,0.373000,0.700000,-2.550000,4.939000,-1.053000
0.087000,0.380000,0.684000,-2.763000,6.191000,-1.626000
0.089000,0.376000,0.657000,-4.176000,7.313000,-2.542000
0.138000,0.346000,0.592000,-7.595000,7.824000,-4.450000
0.249000,0.287000,0.492000,-13.954000,9.679000,-9.313000
0.307000,0.205000,0.419000,-20.916000,12.076000,-15.954000
0.403000,0.140000,0.409000,-24.511000,17.718000,-25.458000
0.239000,0.193000,0.781000,-16.603000,39.244000,-34.672000
-0.366000,0.381000,0.972000,1.397000,33.557000,-20.237000
-0.135000,0.505000,0.745000,-5.443000,27.924000,-19.863000
-0.130000,0.419000,0.807000,-7.550000,23.069000,-18.031000
0.108000,0.361000,0.644000,-7.924000,23.008000,-17.878000
0.304000,0.239000,0.440000,-7.908000,30.771000,-21.435000
0.473000,0.165000,0.231000,-6.840000,42.420000,-25.954000
0.671000,0.053000,0.045000,-2.748000,61.183000,-31.565000
0.796000,0.009000,-0.112000,7.130000,87.878000,-35.664000
0.773000,0.008000,-0.196000,14.939000,117.023000,-40.603000
0.713000,0.026000,-0.233000,19.779000,144.130000,-46.916000
0.586000,0.011000,-0.246000,22.931000,171.214000,-55.344000
0.413000,0.075000,-0.227000,25.244000,195.794000,-63.046000
0.265000,0.091000,-0.215000,25.542000,216.580000,-71.405000
0.069000,0.161000,-0.132000,27.519000,237.244000,-77.817000
-0.141000,0.236000,-0.071000,24.840000,250.130000,-86.786000
-0.327000,0.258000,-0.018000,19.756000,250.130000,-97.336000
-0.581000,0.241000,0.137000,15.198000,250.130000,-104.908000
-0.604000,0.254000,0.216000,9.145000,250.130000,-124.115000
-1.370000,0.563000,2.000000,-63.107000,250.130000,-217.550000
-2.000000,1.739000,2.000000,156.954000,250.130000,-39.328000
-2.000000,0.472000,-0.402000,114.481000,-250.137000,186.786000
2.000000,0.396000,-2.000000,-165.229000,-159.359000,-54.229000
0.310000,-0.486000,-0.234000,15.664000,-28.565000,49.473000
-0.496000,0.962000,0.477000,-19.977000,-59.435000,19.344000
0.035000,0.185000,0.544000,-84.206000,-51.534000,-13.588000
0.284000,-0.561000,0.536000,-3.145000,0.649000,-1.458000
-0.065000,0.089000,0.361000,6.137000,16.221000,-8.069000
-0.237000,0.262000,0.457000,1.420000,23.840000,-11.000000
-0.801000,0.557000,0.828000,12.435000,27.344000,-4.702000
-0.926000,0.585000,0.784000,4.298000,8.374000,1.115000
-0.587000,0.469000,0.580000,0.214000,-4.198000,4.863000
-0.500000,0.472000,0.561000,-3.191000,-5.710000,3.771000
-0.393000,0.360000,0.570000,-8.023000,-5.908000,0.763000
-0.337000,0.255000,0.542000,-3.282000,0.450000,-0.595000
-0.436000,0.350000,0.581000,-3.328000,3.015000,-1.817000
-0.501000,0.402000,0.591000,-3.145000,2.504000,-1.046000
-0.526000,0.397000,0.615000,-2.901000,0.664000,0.206000
-0.497000,0.372000,0.599000,-2.076000,0.023000,1.214000
-0.493000,0.377000,0.599000,-1.901000,-0.511000,1.832000
-0.447000,0.374000,0.565000,-2.290000,-0.389000,1.397000
-0.464000,0.362000,0.575000,-2.107000,0.176000,1.260000
-0.467000,0.367000,0.582000,-1.504000,0.511000,1.260000
-0.473000,0.384000,0.585000,-2.389000,0.069000,0.962000
-0.461000,0.368000,0.577000,-1.901000,0.527000,1.053000
-0.465000,0.381000,0.583000,-2.023000,0.244000,0.977000
-0.478000,0.384000,0.580000,-2.053000,0.733000,1.000000
-0.466000,0.368000,0.582000,-2.336000,0.534000,0.855000
-0.471000,0.371000,0.589000,-1.893000,0.771000,0.954000
-0.474000,0.371000,0.591000,-1.771000,1.015000,0.756000
-0.471000,0.385000,0.590000,-1.870000,0.847000,1.046000
-0.475000,0.382000,0.581000,-2.191000,0.664000,0.802000
-0.472000,0.386000,0.583000,-2.221000,0.626000,0.534000
-0.474000,0.387000,0.579000,-2.962000,-0.115000,0.618000
-0.480000,0.388000,0.587000,-3.107000,-0.405000,0.580000
-0.479000,0.383000,0.575000,-3.557000,-0.588000,0.389000
-0.466000,0.374000,0.593000,-3.290000,-0.611000,0.679000
