-0.380000,0.526000,0.602000,21.664000,-31.901000,47.786000
-0.824000,0.729000,0.836000,24.779000,-30.466000,58.672000
-1.053000,0.720000,0.912000,13.534000,-52.832000,69.756000
-0.888000,0.562000,0.880000,2.015000,-77.718000,72.893000
-0.692000,0.426000,0.894000,0.611000,-87.802000,70.771000
-0.670000,0.438000,0.883000,0.626000,-95.458000,69.931000
-0.575000,0.448000,0.808000,4.336000,-98.725000,70.168000
-0.607000,0.486000,0.752000,6.809000,-101.305000,74.977000
-0.464000,0.431000,0.609000,4.672000,-109.328000,77.733000
-0.148000,0.392000,0.438000,-2.336000,-108.122000,71.473000
-0.025000,0.337000,0.483000,-4.748000,-99.756000,61.511000
-0.253000,0.521000,0.591000,-5.855000,-92.664000,56.878000
-0.243000,0.477000,0.521000,-14.069000,-98.275000,53.160000
-0.219000,0.542000,0.651000,-8.924000,-90.916000,51.473000
-0.540000,0.717000,0.813000,-6.298000,-89.000000,57.626000
-0.547000,0.711000,0.663000,-15.405000,-104.550000,65.130000
-0.065000,0.513000,0.415000,-25.733000,-107.969000,62.267000
0.168000,0.388000,0.391000,-26.969000,-99.176000,56.740000
0.102000,0.384000,0.433000,-29.366000,-92.489000,52.771000
0.247000,0.257000,0.267000,-33.260000,-90.267000,48.878000
0.533000,0.119000,0.189000,-30.786000,-75.183000,40.008000
0.400000,0.183000,0.391000,-20.840000,-55.496000,35.061000
0.124000,0.290000,0.532000,-17.878000,-49.786000,34.924000
0.191000,0.205000,0.444000,-15.931000,-47.481000,34.412000
0.299000,0.142000,0.455000,-11.122000,-38.443000,30.450000
0.084000,0.242000,0.671000,-9.473000,-36.176000,27.557000
0.107000,0.231000,0.677000,-13.099000,-40.618000,22.031000
0.288000,0.164000,0.544000,-13.000000,-37.504000,14.046000
0.250000,0.255000,0.650000,-11.313000,-31.412000,6.153000
0.108000,0.356000,0.695000,-13.168000,-30.351000,1.954000
0.229000,0.311000,0.569000,-13.305000,-28.748000,-0.481000
0.135000,0.398000,0.709000,-8.542000,-20.786000,-3.405000
-0.149000,0.533000,0.821000,-9.351000,-26.481000,-0.137000
0.097000,0.432000,0.636000,-11.550000,-29.710000,0.198000
0.166000,0.399000,0.585000,-13.443000,-28.267000,-0.282000
0.282000,0.383000,0.532000,-14.649000,-25.389000,-1.107000
0.354000,0.355000,0.470000,-16.053000,-19.931000,-2.809000
0.393000,0.359000,0.455000,-14.611000,-9.420000,-4.740000
0.332000,0.373000,0.500000,-11.405000,1.557000,-5.908000
0.132000,0.509000,0.670000,-3.061000,13.542000,-3.511000
-0.197000,0.619000,0.849000,-0.244000,9.557000,4.527000
-0.222000,0.628000,0.876000,-1.015000,3.985000,9.740000
-0.215000,0.588000,0.944000,-2.527000,-3.458000,12.695000
-0.128000,0.500000,0.886000,-7.878000,-13.092000,12.458000
0.128000,0.364000,0.740000,-10.115000,-14.420000,8.649000
0.198000,0.308000,0.713000,-10.725000,-12.504000,3.573000
0.285000,0.319000,0.715000,-11.153000,-11.962000,0.595000
0.331000,0.259000,0.500000,-12.733000,-9.504000,-1.878000
0.377000,0.262000,0.496000,-10.885000,-1.832000,-5.053000
0.289000,0.364000,0.609000,-5.870000,9.015000,-7.221000
0.036000,0.488000,0.736000,-1.740000,12.695000,-4.252000
-0.133000,0.592000,0.812000,-0.908000,10.092000,1.458000
-0.202000,0.628000,0.899000,-1.321000,4.969000,6.366000
-0.195000,0.592000,0.911000,-5.046000,-4.183000,10.122000
0.005000,0.479000,0.811000,-6.832000,-7.336000,9.832000
0.119000,0.391000,0.758000,-8.427000,-8.427000,7.321000
0.179000,0.330000,0.708000,-9.344000,-7.351000,3.595000
0.216000,0.299000,0.636000,-9.198000,-5.420000,0.496000
0.234000,0.294000,0.611000,-8.450000,-2.504000,-1.962000
0.146000,0.348000,0.704000,-7.153000,1.244000,-4.206000
0.083000,0.395000,0.721000,-4.405000,2.260000,-3.221000
0.013000,0.440000,0.768000,-3.168000,2.206000,-1.496000
-0.051000,0.501000,0.829000,-2.794000,-0.328000,0.641000
-0.009000,0.473000,0.801000,-3.084000,-3.382000,2.397000
0.040000,0.450000,0.786000,-4.038000,-4.359000,1.557000
0.073000,0.412000,0.756000,-4.824000,-6.145000,0.977000
0.127000,0.379000,0.696000,-5.603000,-6.191000,-0.908000
0.159000,0.353000,0.691000,-5.534000,-4.321000,-3.092000
0.102000,0.389000,0.733000,-5.168000,-3.824000,-3.893000
0.110000,0.383000,0.705000,-5.038000,-3.588000,-4.611000
0.120000,0.393000,0.694000,-4.244000,-2.130000,-5.046000
0.089000,0.426000,0.736000,-3.000000,-0.824000,-4.229000
0.054000,0.460000,0.756000,-2.122000,-0.863000,-3.000000
0.052000,0.454000,0.728000,-2.191000,-1.305000,-1.786000
0.057000,0.459000,0.748000,-2.870000,-1.832000,-1.237000
0.084000,0.426000,0.731000,-4.031000,-3.450000,-1.198000
0.141000,0.393000,0.703000,-4.198000,-2.031000,-2.527000
0.066000,0.422000,0.748000,-4.153000,-2.473000,-3.237000
0.118000,0.398000,0.689000,-3.687000,-1.817000,-3.092000
0.126000,0.400000,0.687000,-3.466000,-0.321000,-3.176000
0.145000,0.421000,0.699000,-3.290000,1.466000,-3.374000
0.062000,0.450000,0.774000,-2.008000,2.397000,-2.809000
-0.013000,0.496000,0.762000,-3.420000,-0.191000,-1.511000
0.036000,0.457000,0.744000,-3.962000,-1.489000,-0.450000
0.067000,0.450000,0.740000,-4.252000,-2.084000,0.115000
0.128000,0.414000,0.701000,-4.153000,-1.153000,0.198000
0.115000,0.420000,0.698000,-4.099000,0.023000,-0.053000
0.103000,0.416000,0.705000,-4.366000,0.374000,-0.107000
0.114000,0.407000,0.690000,-4.687000,0.634000,-0.511000
0.154000,0.374000,0.667000,-4.481000,2.473000,-1.145000
0.107000,0.413000,0.719000,-4.137000,4.313000,-1.679000
0.085000,0.417000,0.725000,-2.885000,4.534000,-1.298000
0.078000,0.414000,0.724000,-2.695000,5.145000,-1.275000
0.015000,0.467000,0.782000,-3.031000,4.656000,-1.008000
0.031000,0.441000,0.752000,-4.023000,1.954000,0.374000
0.101000,0.405000,0.702000,-3.763000,2.756000,-0.160000
0.113000,0.401000,0.706000,-4.969000,2.893000,-1.321000
0.153000,0.371000,0.682000,-4.725000,4.000000,-2.397000
0.153000,0.385000,0.683000,-4.550000,6.237000,-3.481000
0.084000,0.397000,0.719000,-3.656000,7.153000,-3.924000
