1.066000,-0.130000,-0.175000,-3.130000,-0.023000,0.947000
1.051000,-0.118000,-0.166000,-3.000000,-0.374000,0.725000
1.072000,-0.131000,-0.157000,-3.466000,-0.321000,1.160000
1.063000,-0.127000,-0.164000,-3.527000,0.061000,1.519000
1.057000,-0.123000,-0.164000,-3.725000,0.099000,1.924000
1.055000,-0.135000,-0.155000,-3.779000,0.290000,2.305000
1.053000,-0.145000,-0.154000,-2.977000,0.427000,2.313000
1.054000,-0.155000,-0.155000,-2.168000,0.397000,1.710000
1.051000,-0.157000,-0.141000,-0.710000,0.443000,1.191000
1.041000,-0.143000,-0.145000,0.847000,0.168000,0.969000
1.040000,-0.128000,-0.154000,1.618000,-0.557000,1.290000
1.043000,-0.130000,-0.156000,1.313000,-1.000000,1.382000
1.044000,-0.128000,-0.162000,0.519000,-1.542000,1.328000
1.038000,-0.110000,-0.163000,-0.298000,-2.794000,1.878000
1.046000,-0.097000,-0.179000,-1.198000,-3.008000,3.351000
1.049000,-0.101000,-0.181000,-2.412000,-2.924000,5.397000
1.050000,-0.101000,-0.172000,-2.840000,-3.183000,6.893000
1.058000,-0.105000,-0.187000,-2.603000,-2.412000,8.389000
1.074000,-0.146000,-0.192000,-3.496000,-1.328000,7.603000
1.090000,-0.146000,-0.200000,-4.031000,0.176000,5.229000
1.082000,-0.155000,-0.186000,-5.206000,1.038000,2.695000
1.079000,-0.156000,-0.180000,-5.397000,2.321000,0.679000
1.074000,-0.160000,-0.163000,-3.962000,3.099000,0.885000
1.104000,-0.153000,-0.236000,-1.328000,6.794000,-0.656000
1.106000,-0.135000,-0.245000,-7.634000,12.122000,-2.176000
1.089000,-0.146000,-0.199000,-8.244000,15.672000,-1.893000
1.137000,-0.194000,-0.218000,-6.611000,20.947000,-6.038000
1.130000,-0.221000,-0.219000,-7.855000,24.687000,-11.084000
1.126000,-0.158000,-0.224000,-7.160000,29.992000,-14.580000
1.057000,-0.112000,-0.152000,-6.412000,33.489000,-13.954000
0.946000,-0.063000,0.124000,1.298000,20.023000,-5.038000
0.773000,0.294000,0.007000,18.076000,1.473000,32.649000
1.129000,-0.077000,-0.093000,13.710000,-3.840000,45.336000
1.189000,-0.475000,-0.281000,-4.336000,-2.473000,13.313000
1.023000,-0.216000,-0.020000,-6.122000,-5.977000,-0.084000
1.007000,-0.074000,-0.080000,6.916000,-6.931000,12.107000
1.101000,-0.121000,-0.224000,7.076000,-1.176000,19.000000
1.089000,-0.143000,-0.225000,6.214000,8.160000,18.985000
1.061000,-0.179000,-0.123000,4.290000,7.763000,18.405000
1.058000,-0.217000,-0.105000,-0.916000,0.817000,10.260000
1.077000,-0.141000,-0.183000,-5.305000,0.534000,6.260000
1.071000,-0.115000,-0.182000,-9.069000,3.443000,7.092000
1.067000,-0.156000,-0.159000,-10.985000,3.847000,6.160000
1.053000,-0.172000,-0.147000,-13.763000,3.061000,3.053000
1.019000,-0.152000,-0.098000,-15.649000,-0.695000,1.695000
1.026000,-0.133000,-0.118000,-14.473000,-3.321000,3.725000
1.056000,-0.095000,-0.195000,-12.153000,0.008000,10.153000
1.061000,-0.089000,-0.198000,-11.374000,5.412000,16.344000
1.068000,-0.098000,-0.194000,-9.511000,10.038000,20.977000
1.068000,-0.093000,-0.198000,-8.840000,13.962000,26.168000
1.102000,-0.139000,-0.195000,-12.076000,15.733000,24.832000
1.107000,-0.181000,-0.172000,-17.580000,16.237000,19.389000
1.086000,-0.180000,-0.136000,-19.550000,15.588000,15.313000
1.100000,-0.193000,-0.147000,-19.557000,16.252000,12.855000
1.100000,-0.169000,-0.174000,-21.908000,18.282000,10.382000
1.094000,-0.122000,-0.194000,-25.824000,20.863000,10.183000
1.115000,-0.119000,-0.237000,-34.656000,25.183000,8.893000
1.126000,-0.102000,-0.290000,-44.313000,32.504000,7.939000
1.134000,-0.124000,-0.338000,-56.084000,42.382000,7.542000
1.074000,-0.302000,-0.244000,-67.176000,50.374000,1.115000
0.620000,-0.291000,-1.300000,-22.313000,-43.130000,82.389000
1.004000,0.021000,0.225000,9.107000,-42.580000,94.183000
0.958000,-0.496000,-0.129000,13.046000,-42.275000,88.603000
1.135000,-0.464000,-0.157000,21.458000,-32.702000,78.008000
1.182000,-0.543000,-0.273000,15.267000,-20.916000,52.412000
1.255000,-0.446000,-0.397000,0.389000,-4.420000,29.618000
1.315000,-0.514000,-0.403000,-18.809000,14.038000,0.038000
1.276000,-0.551000,-0.353000,-33.443000,33.779000,-28.809000
1.062000,-0.555000,-0.057000,-32.595000,35.214000,-47.183000
1.066000,-0.465000,-0.052000,-26.840000,30.382000,-59.634000
1.046000,-0.218000,-0.135000,-19.511000,31.282000,-52.656000
1.058000,0.001000,-0.179000,-16.321000,35.924000,-31.046000
0.875000,0.275000,0.038000,-1.588000,36.290000,22.229000
0.780000,-0.413000,0.338000,4.954000,1.450000,57.038000
1.052000,-0.696000,0.076000,-25.863000,-44.336000,5.481000
1.178000,-0.260000,-0.350000,-8.695000,-24.412000,5.198000
1.262000,-0.287000,-0.467000,-4.160000,5.237000,10.275000
1.199000,-0.329000,-0.439000,-15.641000,23.977000,1.115000
1.258000,-0.435000,-0.455000,-29.435000,42.931000,-15.053000
1.258000,-0.592000,-0.443000,-51.183000,64.573000,-41.863000
-1.986000,1.363000,2.000000,8.763000,-14.969000,35.771000
0.933000,-0.049000,0.491000,39.458000,-66.954000,37.992000
1.101000,-0.424000,-0.267000,21.809000,-69.031000,27.290000
1.170000,-0.522000,-0.035000,34.420000,-62.908000,20.000000
1.146000,-0.445000,-0.181000,33.908000,-55.542000,2.267000
1.161000,-0.355000,-0.282000,27.924000,-42.542000,-8.725000
1.094000,-0.233000,-0.292000,17.756000,-29.771000,-14.672000
1.025000,-0.194000,-0.245000,8.863000,-22.344000,-13.771000
1.019000,-0.186000,-0.240000,4.008000,-16.023000,-10.313000
1.011000,-0.196000,-0.220000,2.718000,-10.656000,-5.153000
1.039000,-0.217000,-0.244000,3.802000,-4.275000,-0.344000
1.033000,-0.231000,-0.219000,4.580000,2.275000,1.748000
1.008000,-0.226000,-0.166000,5.916000,5.214000,3.176000
0.991000,-0.224000,-0.156000,5.679000,5.260000,3.374000
1.000000,-0.226000,-0.139000,2.626000,4.313000,2.733000
1.011000,-0.209000,-0.176000,0.191000,4.626000,2.092000
1.036000,-0.212000,-0.178000,-2.847000,6.504000,2.405000
1.040000,-0.237000,-0.163000,-4.145000,6.160000,2.519000
1.070000,-0.266000,-0.160000,-5.183000,6.023000,-0.061000
1.085000,-0.284000,-0.144000,-5.504000,5.275000,-4.542000
