0.919000,-0.522000,0.008000,-8.511000,0.603000,0.183000
0.917000,-0.506000,-0.006000,-11.496000,0.817000,0.000000
0.887000,-0.493000,0.025000,-12.588000,-0.206000,2.153000
0.899000,-0.506000,0.025000,-13.153000,-1.137000,4.435000
0.890000,-0.544000,0.026000,-11.817000,-1.496000,5.527000
0.891000,-0.529000,0.042000,-7.664000,-0.336000,7.122000
0.878000,-0.557000,0.058000,-8.496000,-2.107000,7.763000
0.879000,-0.574000,0.052000,-5.496000,-3.168000,7.740000
0.891000,-0.577000,0.015000,-4.824000,-2.656000,6.847000
0.896000,-0.564000,-0.011000,-5.939000,-1.176000,4.366000
0.904000,-0.579000,-0.013000,-7.405000,-0.534000,1.534000
0.922000,-0.578000,0.009000,-7.397000,0.061000,-0.015000
0.959000,-0.621000,-0.026000,-3.992000,3.794000,-2.695000
0.956000,-0.601000,0.000000,-1.183000,7.366000,-6.618000
0.939000,-0.560000,0.013000,-2.794000,9.260000,-10.565000
0.859000,-0.515000,0.181000,0.641000,4.092000,-10.573000
0.749000,-0.189000,0.209000,6.954000,-17.908000,8.534000
0.949000,-0.354000,0.078000,5.649000,-25.534000,27.183000
1.160000,-0.740000,-0.294000,-6.053000,-15.069000,7.496000
1.064000,-0.664000,-0.146000,-16.863000,-2.053000,-13.183000
0.907000,-0.531000,0.048000,-16.939000,-1.160000,-16.611000
0.873000,-0.466000,0.051000,-12.565000,-2.214000,-6.962000
0.912000,-0.469000,-0.014000,-9.229000,1.466000,2.733000
0.893000,-0.475000,-0.018000,-10.244000,4.947000,9.847000
0.863000,-0.516000,0.041000,-11.443000,3.656000,12.840000
0.866000,-0.534000,0.073000,-8.695000,1.275000,15.519000
0.852000,-0.510000,0.065000,-6.840000,-1.229000,18.183000
0.867000,-0.508000,0.041000,-10.046000,-4.321000,17.954000
0.883000,-0.561000,0.015000,-13.626000,-5.756000,14.275000
0.871000,-0.539000,0.012000,-16.153000,-6.832000,11.115000
0.875000,-0.531000,-0.010000,-13.740000,-5.160000,12.718000
0.872000,-0.512000,-0.034000,-13.748000,-3.565000,15.298000
0.885000,-0.506000,-0.045000,-16.298000,-2.435000,17.168000
0.903000,-0.517000,-0.046000,-12.542000,2.229000,20.252000
0.949000,-0.581000,-0.100000,-12.962000,8.023000,21.275000
0.981000,-0.617000,-0.066000,-10.389000,14.863000,18.603000
1.024000,-0.628000,-0.086000,-9.748000,19.855000,12.702000
1.068000,-0.713000,-0.170000,-11.260000,30.405000,3.298000
1.053000,-0.820000,-0.168000,-17.809000,42.832000,-14.153000
1.455000,-0.170000,-1.038000,25.740000,-101.786000,72.878000
0.796000,-0.365000,-0.113000,32.351000,-51.656000,56.527000
1.071000,-0.672000,-0.049000,10.756000,-59.954000,45.481000
0.927000,-0.557000,-0.292000,5.573000,-37.840000,39.298000
0.966000,-0.562000,-0.193000,-4.664000,-24.863000,38.794000
0.950000,-0.517000,-0.266000,-16.573000,-11.298000,34.183000
0.979000,-0.518000,-0.267000,-27.267000,3.145000,34.656000
1.115000,-0.661000,-0.382000,-35.748000,25.374000,27.534000
1.146000,-0.855000,-0.302000,-41.565000,53.183000,6.565000
1.055000,-1.009000,-0.070000,-45.603000,63.061000,-24.870000
0.963000,-1.015000,0.068000,-42.985000,56.969000,-57.061000
0.947000,-0.830000,-0.012000,-34.298000,56.015000,-71.908000
0.728000,-0.549000,0.089000,-26.008000,51.046000,-61.221000
-0.105000,-0.695000,-0.371000,-15.344000,57.527000,-47.641000
0.551000,0.305000,1.305000,4.313000,-18.344000,34.382000
0.622000,-0.765000,0.246000,20.702000,-62.588000,57.008000
1.103000,-0.750000,-0.429000,22.351000,-39.885000,49.382000
1.182000,-0.709000,-0.533000,13.336000,-1.237000,38.435000
1.092000,-0.712000,-0.318000,0.031000,21.267000,20.931000
1.274000,-0.797000,-0.600000,-16.687000,48.786000,2.282000
1.437000,-1.086000,-0.770000,-38.893000,94.267000,-35.748000
1.146000,-1.007000,-0.405000,-48.847000,130.000000,-70.679000
-1.167000,0.876000,2.000000,-8.863000,73.237000,-24.038000
0.859000,-1.687000,-1.214000,33.504000,-75.061000,37.267000
1.012000,-0.366000,-0.217000,26.061000,-86.527000,60.878000
0.940000,-0.443000,-0.253000,41.122000,-33.313000,83.511000
0.928000,-0.737000,-0.020000,27.275000,-29.634000,75.015000
1.021000,-0.873000,-0.087000,22.710000,-16.000000,50.542000
0.973000,-0.870000,-0.015000,18.122000,-7.527000,23.641000
0.927000,-0.779000,-0.038000,14.374000,-1.313000,3.443000
0.880000,-0.690000,-0.044000,13.290000,6.382000,-3.534000
0.835000,-0.593000,-0.029000,10.405000,11.153000,-3.389000
0.836000,-0.588000,-0.058000,5.893000,15.321000,-1.336000
0.824000,-0.599000,-0.034000,1.916000,19.809000,-0.405000
0.772000,-0.635000,0.050000,-1.641000,19.855000,-2.824000
0.780000,-0.641000,0.081000,-2.183000,16.916000,-7.053000
0.776000,-0.640000,0.081000,-3.519000,13.344000,-11.351000
0.793000,-0.584000,0.056000,-5.985000,9.351000,-13.611000
0.844000,-0.596000,0.051000,-5.176000,9.099000,-11.809000
0.790000,-0.570000,0.109000,-3.397000,4.229000,-8.672000
0.788000,-0.566000,0.081000,-3.137000,-1.481000,-4.740000
0.796000,-0.562000,0.068000,-2.626000,-4.305000,0.214000
0.813000,-0.583000,0.049000,-3.298000,-5.489000,3.336000
0.875000,-0.635000,0.018000,-0.718000,-2.992000,5.557000
0.864000,-0.655000,0.041000,0.611000,-2.153000,3.397000
0.871000,-0.645000,0.043000,-0.214000,-3.008000,1.015000
0.875000,-0.652000,0.025000,-2.168000,-2.756000,-2.534000
0.852000,-0.641000,0.056000,-3.389000,-3.198000,-5.069000
0.845000,-0.590000,0.016000,-6.519000,-4.954000,-6.626000
0.877000,-0.579000,-0.036000,-8.176000,-1.420000,-3.542000
0.862000,-0.603000,-0.001000,-9.511000,1.412000,-0.183000
0.856000,-0.622000,0.029000,-9.718000,1.763000,0.092000
0.851000,-0.629000,0.033000,-10.435000,1.695000,-1.435000
0.840000,-0.607000,0.041000,-10.031000,2.267000,-3.450000
0.811000,-0.583000,0.042000,-12.992000,1.191000,-3.458000
0.834000,-0.565000,0.011000,-12.260000,2.122000,-0.015000
0.836000,-0.626000,0.037000,-7.557000,4.725000,4.809000
0.844000,-0.660000,0.056000,-3.031000,3.809000,5.809000
0.848000,-0.670000,0.064000,-1.061000,2.863000,3.420000
0.854000,-0.665000,0.053000,-0.924000,2.038000,-0.687000
0.847000,-0.651000,0.053000,-0.115000,1.832000,-3.183000
