0.572000,-0.613000,-0.900000,-2.053000,-5.427000,6.832000
0.576000,-0.620000,-0.889000,0.092000,-4.099000,6.313000
0.566000,-0.623000,-0.893000,1.328000,-3.359000,5.344000
0.554000,-0.603000,-0.903000,1.374000,-2.527000,4.260000
0.534000,-0.579000,-0.902000,-0.527000,-0.481000,2.733000
0.494000,-0.586000,-0.856000,-2.588000,-0.763000,0.076000
0.479000,-0.585000,-0.860000,-3.229000,-2.702000,-1.664000
0.506000,-0.575000,-0.865000,-2.611000,-4.252000,-2.802000
0.532000,-0.543000,-0.876000,-2.786000,-4.931000,-2.611000
0.550000,-0.527000,-0.906000,-2.924000,-4.870000,-1.397000
0.576000,-0.513000,-0.923000,-1.885000,-3.443000,1.038000
0.550000,-0.499000,-0.912000,-2.344000,-1.420000,3.611000
0.530000,-0.504000,-0.888000,-4.427000,-1.076000,5.802000
0.502000,-0.552000,-0.861000,-5.603000,-1.542000,6.275000
0.500000,-0.572000,-0.866000,-6.496000,-3.198000,4.366000
0.515000,-0.594000,-0.880000,-6.641000,-3.908000,2.573000
0.523000,-0.600000,-0.904000,-5.130000,-4.260000,2.008000
0.544000,-0.622000,-0.914000,-4.198000,-3.321000,0.664000
0.536000,-0.604000,-0.892000,-3.489000,-3.542000,-2.099000
0.544000,-0.578000,-0.898000,-3.214000,-3.679000,-2.611000
0.542000,-0.560000,-0.902000,-3.641000,-3.382000,-2.977000
0.538000,-0.544000,-0.882000,-4.137000,-4.160000,-2.901000
0.545000,-0.511000,-0.889000,-3.534000,-5.290000,-0.870000
0.565000,-0.493000,-0.908000,-2.771000,-5.206000,2.244000
0.574000,-0.499000,-0.942000,0.153000,-5.061000,6.779000
0.592000,-0.509000,-0.972000,2.840000,-1.580000,12.076000
0.572000,-0.495000,-0.957000,4.931000,1.397000,16.519000
0.551000,-0.505000,-0.922000,4.366000,2.916000,20.244000
0.565000,-0.536000,-0.951000,1.366000,4.901000,20.710000
0.592000,-0.591000,-0.998000,-2.550000,9.382000,18.084000
0.628000,-0.604000,-1.029000,-7.847000,15.015000,10.267000
0.628000,-0.602000,-1.028000,-18.374000,20.412000,-2.656000
0.617000,-0.610000,-1.039000,-21.092000,22.527000,-5.924000
0.644000,-0.590000,-1.069000,-17.985000,22.786000,-2.237000
0.681000,-0.626000,-1.112000,-10.969000,23.634000,4.527000
0.753000,-0.678000,-1.180000,-2.695000,25.267000,12.786000
0.870000,-0.779000,-1.275000,8.687000,30.588000,20.565000
0.932000,-0.889000,-1.347000,20.634000,38.023000,23.031000
1.000000,-0.935000,-1.423000,31.046000,48.565000,20.679000
1.026000,-0.951000,-1.443000,36.473000,62.397000,12.779000
0.990000,-0.934000,-1.375000,35.191000,72.145000,0.641000
0.999000,-0.955000,-1.408000,38.336000,80.076000,-7.977000
1.034000,-0.920000,-1.396000,44.313000,88.863000,-11.786000
1.020000,-0.887000,-1.416000,49.344000,95.985000,-13.344000
1.083000,-0.885000,-1.476000,53.977000,105.107000,-14.618000
1.090000,-0.868000,-1.474000,57.817000,115.687000,-16.137000
1.076000,-0.877000,-1.424000,57.870000,123.832000,-19.519000
1.083000,-0.913000,-1.407000,60.313000,129.809000,-22.618000
1.109000,-0.927000,-1.404000,65.282000,135.458000,-24.771000
1.128000,-0.951000,-1.409000,69.282000,139.679000,-26.382000
1.197000,-1.010000,-1.499000,73.863000,149.160000,-29.863000
1.198000,-1.043000,-1.504000,80.595000,161.420000,-33.740000
1.129000,-1.087000,-1.468000,89.695000,168.649000,-36.847000
1.107000,-1.136000,-1.474000,100.611000,174.122000,-39.863000
1.031000,-1.148000,-1.448000,111.527000,178.489000,-43.901000
0.984000,-1.119000,-1.413000,125.519000,182.687000,-45.870000
0.937000,-1.057000,-1.419000,132.534000,190.252000,-50.122000
0.858000,-1.040000,-1.367000,131.458000,199.710000,-57.229000
0.740000,-1.091000,-1.313000,132.183000,204.183000,-65.176000
0.688000,-1.131000,-1.370000,135.679000,211.435000,-74.038000
0.570000,-1.109000,-1.296000,141.107000,217.710000,-83.977000
0.452000,-1.031000,-1.177000,144.565000,216.939000,-91.595000
0.383000,-0.939000,-1.081000,149.374000,214.557000,-96.481000
0.326000,-0.823000,-1.020000,155.802000,214.740000,-96.305000
0.249000,-0.714000,-0.913000,161.053000,213.168000,-95.664000
0.188000,-0.667000,-0.869000,163.855000,211.786000,-96.221000
0.138000,-0.629000,-0.805000,161.908000,212.107000,-100.420000
0.094000,-0.596000,-0.716000,155.786000,210.046000,-109.321000
0.053000,-0.524000,-0.691000,149.053000,207.725000,-117.565000
0.026000,-0.483000,-0.621000,145.641000,206.221000,-121.527000
-0.042000,-0.415000,-0.505000,146.664000,203.176000,-122.336000
-0.087000,-0.397000,-0.381000,149.695000,194.198000,-120.656000
-0.035000,-0.303000,-0.416000,152.168000,188.229000,-117.466000
0.011000,-0.226000,-0.406000,152.443000,188.901000,-112.893000
-0.003000,-0.193000,-0.342000,152.336000,187.611000,-106.344000
-0.026000,-0.213000,-0.279000,149.573000,185.679000,-104.420000
-0.037000,-0.224000,-0.200000,142.786000,183.847000,-112.344000
-0.038000,-0.152000,-0.145000,128.534000,184.153000,-126.832000
-0.077000,-0.101000,-0.053000,111.802000,181.824000,-139.588000
-0.058000,-0.084000,-0.013000,107.260000,178.420000,-140.733000
-0.085000,-0.049000,0.054000,115.519000,171.466000,-132.229000
-0.062000,0.101000,0.127000,123.779000,162.595000,-117.931000
-0.008000,0.167000,0.157000,127.634000,156.824000,-102.672000
-0.003000,0.185000,0.241000,127.359000,154.687000,-96.511000
-0.065000,0.283000,0.409000,116.076000,151.687000,-104.198000
-0.123000,0.342000,0.519000,90.321000,146.840000,-117.321000
-0.125000,0.350000,0.559000,64.145000,144.206000,-133.557000
-0.150000,0.417000,0.685000,42.733000,141.496000,-146.687000
-0.205000,0.572000,0.804000,31.153000,130.107000,-142.046000
-0.155000,0.635000,0.845000,34.656000,116.015000,-118.847000
-0.120000,0.643000,0.900000,48.305000,102.130000,-91.275000
-0.155000,0.684000,1.006000,58.107000,87.382000,-65.603000
-0.165000,0.709000,1.065000,54.573000,72.718000,-50.359000
-0.120000,0.658000,1.042000,43.557000,63.779000,-44.748000
-0.098000,0.621000,1.069000,30.305000,57.992000,-47.656000
-0.111000,0.560000,1.122000,17.748000,48.443000,-54.053000
-0.092000,0.563000,1.136000,8.870000,35.710000,-60.336000
-0.015000,0.576000,1.101000,4.412000,24.107000,-60.611000
0.046000,0.634000,1.096000,4.122000,12.084000,-52.504000
0.131000,0.642000,1.042000,6.153000,1.626000,-38.817000
0.195000,0.623000,1.000000,6.802000,-6.908000,-25.168000
