0.431000,0.531000,0.593000,0.473000,1.427000,-1.473000
0.429000,0.537000,0.591000,1.328000,0.603000,-0.924000
0.431000,0.547000,0.604000,1.595000,0.450000,0.710000
0.415000,0.553000,0.611000,1.244000,-0.687000,2.405000
0.415000,0.536000,0.599000,0.786000,-0.931000,2.298000
0.412000,0.543000,0.611000,-0.435000,-1.710000,1.107000
0.405000,0.550000,0.630000,-2.374000,-3.466000,-0.221000
0.414000,0.548000,0.610000,-4.015000,-5.702000,-0.679000
0.442000,0.542000,0.589000,-3.924000,-6.099000,0.305000
0.450000,0.541000,0.581000,-2.603000,-6.382000,2.405000
0.455000,0.538000,0.567000,-1.313000,-6.634000,5.099000
0.477000,0.527000,0.558000,-0.611000,-6.069000,6.015000
0.478000,0.522000,0.562000,-0.679000,-5.038000,5.870000
0.487000,0.528000,0.548000,-1.817000,-3.779000,5.046000
0.488000,0.550000,0.558000,-3.603000,-3.366000,4.336000
0.494000,0.543000,0.554000,-5.847000,-4.061000,3.855000
0.516000,0.521000,0.547000,-6.092000,-4.198000,2.794000
0.518000,0.534000,0.545000,-5.756000,-3.420000,2.779000
0.524000,0.548000,0.551000,-5.160000,-2.313000,4.931000
0.512000,0.538000,0.561000,-3.962000,-1.122000,8.069000
0.495000,0.519000,0.585000,-2.656000,-0.076000,10.405000
0.475000,0.506000,0.598000,-1.840000,0.786000,11.443000
0.451000,0.497000,0.618000,-2.603000,0.061000,10.947000
0.442000,0.483000,0.616000,-4.237000,-1.504000,9.244000
0.440000,0.471000,0.616000,-5.229000,-2.374000,5.679000
0.427000,0.491000,0.629000,-6.206000,-3.710000,3.305000
0.419000,0.507000,0.623000,-5.405000,-5.313000,3.634000
0.403000,0.538000,0.639000,-4.710000,-6.947000,5.092000
0.359000,0.571000,0.667000,-3.634000,-10.000000,8.641000
0.327000,0.571000,0.688000,-2.069000,-13.718000,11.588000
0.298000,0.594000,0.693000,0.618000,-17.863000,14.458000
0.255000,0.661000,0.732000,2.366000,-22.252000,16.878000
0.193000,0.722000,0.753000,2.092000,-28.153000,17.679000
0.139000,0.808000,0.826000,-1.580000,-37.038000,17.282000
0.101000,0.886000,0.835000,-9.466000,-46.847000,14.840000
0.058000,0.962000,0.847000,-19.702000,-55.802000,9.985000
0.067000,1.033000,0.866000,-33.771000,-64.053000,6.443000
0.082000,1.061000,0.860000,-47.977000,-69.359000,8.015000
0.060000,1.056000,0.860000,-58.221000,-73.527000,15.702000
-0.007000,0.994000,0.885000,-60.748000,-81.435000,30.344000
-0.036000,0.882000,0.902000,-57.328000,-89.328000,47.191000
-0.107000,0.788000,0.916000,-48.176000,-99.008000,63.450000
-0.181000,0.707000,0.972000,-38.832000,-111.924000,78.832000
-0.238000,0.607000,1.007000,-26.634000,-133.015000,92.099000
-0.310000,0.517000,1.035000,-16.924000,-154.496000,99.290000
-0.371000,0.478000,1.011000,-10.901000,-181.595000,101.267000
-0.231000,0.469000,0.857000,-16.916000,-200.656000,89.656000
-0.087000,0.558000,0.767000,-36.962000,-208.710000,67.779000
-0.030000,0.665000,0.688000,-61.237000,-213.672000,50.176000
-0.025000,0.684000,0.651000,-79.069000,-219.588000,45.992000
-0.006000,0.624000,0.592000,-79.282000,-226.366000,57.298000
-0.019000,0.519000,0.518000,-62.901000,-231.145000,81.305000
-0.008000,0.400000,0.503000,-44.794000,-233.656000,107.183000
-0.087000,0.226000,0.491000,-27.626000,-242.397000,125.031000
-0.138000,0.065000,0.454000,-18.534000,-250.137000,124.160000
-0.090000,0.071000,0.347000,-22.863000,-250.137000,106.015000
-0.035000,0.210000,0.249000,-38.649000,-250.137000,84.527000
0.028000,0.333000,0.118000,-59.802000,-250.137000,73.557000
0.195000,0.288000,-0.133000,-70.939000,-250.137000,74.779000
0.338000,0.165000,-0.365000,-66.618000,-250.137000,90.260000
0.424000,-0.023000,-0.508000,-47.504000,-250.137000,114.702000
0.499000,-0.209000,-0.628000,-24.977000,-250.137000,136.863000
0.507000,-0.367000,-0.748000,-6.992000,-250.137000,147.260000
0.472000,-0.462000,-0.819000,-4.496000,-250.137000,138.275000
0.512000,-0.480000,-0.948000,-19.931000,-250.137000,111.076000
0.579000,-0.441000,-1.108000,-45.466000,-250.137000,76.817000
0.766000,-0.406000,-1.358000,-67.794000,-250.137000,51.733000
0.982000,-0.423000,-1.559000,-75.733000,-245.397000,39.679000
1.192000,-0.387000,-1.661000,-71.168000,-222.145000,41.351000
1.223000,-0.357000,-1.625000,-55.733000,-195.565000,52.397000
1.174000,-0.317000,-1.538000,-39.611000,-173.351000,64.969000
1.133000,-0.305000,-1.488000,-27.023000,-157.290000,75.099000
1.115000,-0.298000,-1.464000,-19.206000,-143.122000,79.588000
1.101000,-0.290000,-1.431000,-16.718000,-131.885000,81.893000
1.151000,-0.347000,-1.418000,-19.641000,-121.290000,79.962000
1.207000,-0.460000,-1.434000,-22.573000,-107.275000,70.366000
1.240000,-0.491000,-1.397000,-21.160000,-95.397000,61.084000
1.280000,-0.500000,-1.372000,-17.427000,-81.427000,55.557000
1.292000,-0.536000,-1.358000,-11.954000,-67.748000,48.542000
1.293000,-0.528000,-1.303000,-4.603000,-56.122000,43.176000
1.292000,-0.502000,-1.271000,4.473000,-46.267000,37.550000
1.264000,-0.353000,-1.293000,7.351000,-37.260000,32.595000
1.299000,-0.342000,-1.179000,8.710000,-26.237000,25.351000
1.247000,-0.320000,-1.084000,7.771000,-16.718000,20.824000
1.133000,-0.306000,-0.982000,8.061000,-12.061000,15.908000
1.064000,-0.282000,-0.898000,7.947000,-11.626000,7.321000
1.033000,-0.246000,-0.844000,5.702000,-13.099000,-3.298000
1.030000,-0.190000,-0.817000,2.466000,-15.794000,-11.176000
1.049000,-0.119000,-0.811000,1.389000,-16.901000,-14.435000
1.073000,-0.067000,-0.846000,2.557000,-15.466000,-13.802000
1.083000,-0.019000,-0.850000,2.931000,-12.183000,-11.267000
1.074000,-0.017000,-0.832000,3.336000,-9.519000,-9.069000
1.064000,-0.015000,-0.845000,1.427000,-6.282000,-7.214000
1.076000,0.014000,-0.821000,0.076000,-2.344000,-4.481000
1.062000,-0.010000,-0.798000,1.794000,1.008000,0.954000
1.049000,-0.052000,-0.777000,4.206000,4.771000,5.153000
0.990000,-0.102000,-0.742000,5.298000,6.641000,4.344000
0.986000,-0.127000,-0.707000,5.084000,5.939000,-0.443000
0.978000,-0.127000,-0.703000,3.618000,5.092000,-6.397000
0.966000,-0.079000,-0.685000,3.336000,4.855000,-10.580000
0.961000,-0.021000,-0.662000,0.809000,4.634000,-11.443000
