0.417000,-0.318000,-1.094000,2.855000,3.458000,2.076000
0.401000,-0.315000,-1.088000,2.786000,3.267000,2.015000
0.406000,-0.342000,-1.100000,4.458000,3.092000,3.336000
0.420000,-0.352000,-1.110000,6.863000,4.550000,3.603000
0.417000,-0.345000,-1.097000,8.809000,5.168000,4.328000
0.423000,-0.335000,-1.093000,10.427000,5.359000,5.969000
0.436000,-0.340000,-1.102000,11.748000,5.733000,6.908000
0.445000,-0.343000,-1.110000,13.855000,5.954000,9.000000
0.483000,-0.372000,-1.138000,15.504000,8.107000,10.885000
0.505000,-0.381000,-1.167000,17.244000,11.511000,11.305000
0.508000,-0.390000,-1.159000,18.985000,14.122000,12.863000
0.517000,-0.417000,-1.180000,21.924000,15.992000,14.931000
0.541000,-0.459000,-1.193000,25.382000,18.290000,16.847000
0.576000,-0.524000,-1.233000,29.664000,20.824000,19.435000
0.611000,-0.599000,-1.241000,35.252000,24.519000,20.000000
0.642000,-0.636000,-1.252000,41.832000,28.878000,19.053000
0.655000,-0.651000,-1.258000,46.962000,32.756000,17.618000
0.691000,-0.667000,-1.249000,51.435000,36.000000,16.634000
0.738000,-0.683000,-1.254000,52.878000,39.374000,14.191000
0.779000,-0.729000,-1.268000,53.763000,43.931000,11.565000
0.814000,-0.794000,-1.309000,55.031000,48.649000,6.916000
0.895000,-0.834000,-1.342000,56.351000,55.695000,1.000000
0.870000,-0.916000,-1.370000,58.786000,63.008000,-3.641000
0.890000,-0.980000,-1.366000,64.473000,71.504000,-5.534000
0.863000,-1.069000,-1.337000,69.771000,79.221000,-6.603000
0.853000,-1.194000,-1.345000,76.985000,84.542000,-6.832000
0.834000,-1.403000,-1.402000,83.573000,89.008000,-10.664000
0.853000,-1.717000,-1.460000,84.496000,96.008000,-32.122000
0.783000,-1.951000,-1.504000,86.947000,102.641000,-66.588000
0.718000,-2.000000,-1.513000,98.817000,107.351000,-101.840000
0.661000,-2.000000,-1.517000,112.450000,110.718000,-131.870000
0.635000,-1.889000,-1.519000,130.481000,113.053000,-148.573000
0.633000,-1.772000,-1.528000,151.710000,115.947000,-150.710000
0.635000,-1.708000,-1.572000,175.084000,119.664000,-146.779000
0.622000,-1.668000,-1.634000,194.366000,125.893000,-144.771000
0.548000,-1.620000,-1.616000,208.382000,132.305000,-150.916000
0.456000,-1.556000,-1.611000,213.336000,136.985000,-161.023000
0.380000,-1.451000,-1.601000,217.221000,143.008000,-169.321000
0.273000,-1.381000,-1.543000,217.817000,147.710000,-171.985000
0.115000,-1.458000,-1.436000,228.847000,146.481000,-173.511000
-0.016000,-1.482000,-1.316000,240.992000,139.672000,-176.519000
-0.141000,-1.485000,-1.222000,250.130000,128.435000,-181.305000
-0.251000,-1.372000,-1.182000,250.130000,114.053000,-189.931000
-0.281000,-1.256000,-1.198000,250.130000,102.962000,-199.687000
-0.307000,-1.173000,-1.226000,250.130000,94.908000,-211.168000
-0.353000,-1.111000,-1.220000,250.130000,87.618000,-224.382000
-0.365000,-0.924000,-1.214000,250.130000,78.611000,-236.718000
-0.313000,-0.730000,-1.214000,250.130000,73.382000,-246.038000
-0.320000,-0.566000,-1.159000,250.130000,70.664000,-250.137000
-0.342000,-0.469000,-1.118000,250.130000,65.214000,-250.137000
-0.363000,-0.346000,-1.116000,250.130000,58.198000,-250.137000
-0.357000,-0.277000,-1.154000,250.130000,49.107000,-250.137000
-0.332000,-0.199000,-1.211000,250.130000,41.489000,-250.137000
-0.264000,-0.010000,-1.212000,250.130000,36.649000,-250.137000
-0.179000,0.244000,-1.281000,250.130000,33.122000,-249.092000
-0.059000,0.406000,-1.316000,250.130000,33.405000,-238.847000
0.009000,0.597000,-1.273000,250.130000,35.634000,-227.046000
0.073000,0.842000,-1.199000,243.748000,35.412000,-210.412000
0.140000,0.979000,-1.140000,234.366000,35.939000,-194.107000
0.207000,1.146000,-1.080000,221.641000,38.496000,-182.969000
0.252000,1.370000,-1.023000,202.321000,41.908000,-170.221000
0.345000,1.490000,-0.955000,184.405000,46.580000,-150.443000
0.371000,1.507000,-0.842000,175.511000,48.679000,-125.534000
0.354000,1.564000,-0.684000,167.244000,44.435000,-102.099000
0.397000,1.624000,-0.611000,150.924000,37.763000,-80.115000
0.474000,1.560000,-0.576000,128.817000,34.298000,-63.145000
0.504000,1.458000,-0.503000,107.221000,32.374000,-52.954000
0.494000,1.381000,-0.417000,84.870000,26.565000,-47.031000
0.576000,1.279000,-0.404000,63.267000,20.840000,-42.763000
0.615000,1.150000,-0.375000,46.756000,17.817000,-39.443000
0.650000,1.030000,-0.324000,35.618000,13.061000,-36.069000
0.671000,0.927000,-0.272000,33.328000,6.786000,-27.733000
0.679000,0.862000,-0.249000,36.817000,-1.176000,-15.924000
0.728000,0.817000,-0.273000,40.023000,-7.374000,-4.641000
0.782000,0.758000,-0.259000,37.702000,-9.466000,0.565000
0.808000,0.755000,-0.267000,26.916000,-9.069000,0.229000
0.833000,0.761000,-0.237000,9.313000,-8.908000,-1.198000
0.851000,0.689000,-0.237000,-4.435000,-9.954000,-0.824000
0.897000,0.628000,-0.259000,-10.061000,-9.740000,3.237000
0.904000,0.598000,-0.254000,-11.496000,-10.504000,10.420000
0.933000,0.550000,-0.263000,-12.046000,-11.221000,17.939000
0.956000,0.472000,-0.240000,-11.947000,-10.931000,23.267000
0.961000,0.396000,-0.209000,-12.542000,-11.282000,24.313000
0.967000,0.319000,-0.181000,-15.573000,-13.519000,20.168000
0.995000,0.307000,-0.194000,-20.191000,-14.359000,14.275000
1.039000,0.320000,-0.193000,-25.885000,-13.840000,10.275000
1.103000,0.328000,-0.208000,-29.672000,-10.672000,11.435000
1.132000,0.275000,-0.212000,-29.885000,-7.221000,16.107000
1.131000,0.196000,-0.220000,-26.000000,-4.794000,20.641000
1.138000,0.156000,-0.238000,-21.313000,-2.641000,23.450000
1.134000,0.120000,-0.240000,-17.481000,-1.626000,24.412000
1.135000,0.048000,-0.238000,-14.603000,0.214000,20.977000
1.139000,0.042000,-0.242000,-11.321000,1.191000,16.588000
1.153000,0.013000,-0.236000,-9.298000,2.427000,12.359000
1.146000,0.013000,-0.198000,-7.160000,3.282000,6.618000
1.133000,0.069000,-0.172000,-3.573000,3.443000,4.328000
1.130000,0.113000,-0.199000,0.458000,4.145000,4.473000
1.119000,0.140000,-0.220000,3.359000,7.084000,6.634000
1.109000,0.171000,-0.197000,5.282000,9.885000,6.618000
1.071000,0.211000,-0.174000,4.824000,11.160000,6.099000
