0.683000,-0.124000,-0.971000,9.908000,4.824000,-0.328000
0.644000,-0.058000,-0.929000,4.214000,1.389000,-1.221000
0.691000,-0.073000,-0.949000,-2.771000,0.771000,-3.038000
0.710000,-0.083000,-0.952000,-5.748000,1.725000,-2.924000
0.706000,-0.079000,-0.968000,-4.542000,2.420000,1.107000
0.712000,-0.119000,-0.988000,-3.557000,3.473000,3.084000
0.710000,-0.137000,-0.987000,-2.687000,4.527000,3.412000
0.709000,-0.130000,-0.977000,-2.176000,5.710000,4.008000
0.695000,-0.159000,-0.962000,-0.183000,6.221000,4.641000
0.672000,-0.167000,-0.950000,1.832000,4.908000,3.962000
0.672000,-0.168000,-0.940000,2.511000,3.435000,2.237000
0.675000,-0.145000,-0.943000,2.176000,3.130000,0.550000
0.689000,-0.143000,-0.963000,3.221000,2.099000,1.947000
0.701000,-0.167000,-0.985000,7.099000,2.672000,4.710000
0.703000,-0.183000,-0.990000,10.924000,3.137000,6.908000
0.690000,-0.181000,-0.992000,9.824000,2.565000,5.550000
0.711000,-0.163000,-0.995000,6.427000,3.511000,1.580000
0.728000,-0.166000,-1.023000,3.458000,4.855000,-0.641000
0.726000,-0.173000,-1.021000,4.786000,6.076000,-0.008000
0.740000,-0.202000,-1.044000,9.084000,7.733000,2.832000
0.754000,-0.213000,-1.058000,12.290000,10.137000,3.137000
0.765000,-0.203000,-1.061000,13.702000,12.733000,2.137000
0.777000,-0.198000,-1.064000,14.145000,15.359000,0.603000
0.797000,-0.225000,-1.103000,15.557000,18.985000,0.229000
0.831000,-0.255000,-1.144000,24.008000,23.824000,3.809000
0.870000,-0.258000,-1.179000,38.321000,30.824000,11.939000
0.872000,-0.267000,-1.204000,54.313000,37.817000,21.870000
0.901000,-0.318000,-1.239000,69.107000,45.511000,28.489000
0.973000,-0.422000,-1.314000,87.267000,57.634000,31.244000
1.027000,-0.533000,-1.394000,112.244000,75.260000,33.137000
1.049000,-0.643000,-1.430000,148.137000,93.695000,35.649000
0.983000,-0.663000,-1.370000,188.191000,106.901000,40.344000
0.918000,-0.598000,-1.297000,224.847000,113.328000,47.435000
0.912000,-0.544000,-1.249000,250.130000,116.603000,53.817000
0.944000,-0.456000,-1.220000,250.130000,122.275000,62.031000
0.955000,-0.432000,-1.206000,250.130000,129.824000,64.534000
0.991000,-0.427000,-1.199000,250.130000,141.176000,55.969000
1.033000,-0.542000,-1.207000,250.130000,157.603000,34.947000
0.972000,-0.679000,-1.163000,250.130000,173.275000,10.885000
0.858000,-0.723000,-1.067000,250.130000,179.931000,-2.366000
0.784000,-0.658000,-1.004000,250.130000,179.710000,-1.221000
0.762000,-0.602000,-0.905000,250.130000,174.794000,8.580000
0.756000,-0.621000,-0.867000,250.130000,169.008000,19.405000
0.810000,-0.649000,-0.869000,250.130000,168.397000,24.542000
0.800000,-0.608000,-0.797000,250.130000,170.573000,20.733000
0.791000,-0.491000,-0.719000,250.130000,170.351000,13.260000
0.776000,-0.421000,-0.623000,250.130000,169.275000,5.809000
0.795000,-0.426000,-0.574000,250.130000,169.847000,-1.916000
0.795000,-0.342000,-0.446000,250.130000,171.412000,-5.267000
0.800000,-0.283000,-0.394000,250.130000,172.641000,2.046000
0.803000,-0.289000,-0.369000,250.130000,174.275000,16.359000
0.785000,-0.297000,-0.306000,250.130000,176.847000,30.260000
0.746000,-0.309000,-0.230000,250.130000,179.389000,35.809000
0.666000,-0.269000,-0.116000,250.130000,178.000000,34.511000
0.598000,-0.257000,-0.029000,250.130000,172.282000,29.595000
0.531000,-0.159000,0.117000,250.130000,161.145000,30.863000
0.484000,-0.074000,0.236000,250.130000,145.053000,31.137000
0.477000,-0.068000,0.290000,250.130000,128.870000,21.618000
0.461000,-0.046000,0.354000,250.130000,114.947000,9.511000
0.433000,-0.053000,0.382000,250.130000,100.702000,3.405000
0.479000,-0.085000,0.330000,250.130000,91.298000,-2.573000
0.516000,-0.008000,0.364000,243.443000,88.786000,-5.427000
0.453000,0.063000,0.431000,231.725000,82.763000,-4.565000
0.416000,0.099000,0.497000,209.153000,73.038000,-12.206000
0.385000,0.166000,0.560000,182.557000,61.191000,-22.023000
0.383000,0.160000,0.577000,160.107000,47.924000,-27.115000
0.413000,0.172000,0.577000,144.130000,37.122000,-27.336000
0.439000,0.174000,0.547000,133.763000,30.527000,-22.198000
0.464000,0.180000,0.558000,126.718000,27.664000,-17.061000
0.435000,0.218000,0.588000,118.565000,23.588000,-11.763000
0.424000,0.244000,0.630000,103.748000,18.198000,-11.969000
0.428000,0.231000,0.646000,89.359000,12.863000,-15.420000
0.458000,0.239000,0.643000,76.794000,8.809000,-15.916000
0.469000,0.246000,0.647000,69.672000,5.420000,-9.855000
0.486000,0.152000,0.646000,65.534000,3.160000,-6.954000
0.472000,0.161000,0.656000,62.939000,0.298000,-4.878000
0.478000,0.203000,0.665000,58.931000,-3.863000,-3.122000
0.499000,0.265000,0.680000,49.366000,-7.649000,-1.710000
0.513000,0.279000,0.685000,36.718000,-11.450000,-1.450000
0.562000,0.258000,0.650000,24.053000,-13.939000,-2.298000
0.597000,0.208000,0.623000,15.687000,-13.214000,-3.069000
0.623000,0.165000,0.615000,11.405000,-12.351000,-1.405000
0.626000,0.146000,0.608000,9.603000,-11.290000,0.489000
0.658000,0.110000,0.584000,7.229000,-9.061000,-0.145000
0.714000,0.145000,0.566000,5.435000,-3.221000,0.168000
0.678000,0.140000,0.595000,6.252000,1.802000,4.779000
0.638000,0.155000,0.653000,2.405000,1.725000,5.611000
0.608000,0.105000,0.643000,-4.939000,-0.588000,1.435000
0.630000,0.029000,0.638000,-5.382000,-1.084000,-1.031000
0.648000,-0.004000,0.636000,1.557000,-1.321000,1.779000
0.646000,0.037000,0.658000,5.649000,-2.031000,3.687000
0.628000,0.127000,0.666000,1.725000,-4.626000,3.252000
0.617000,0.215000,0.676000,-9.031000,-8.481000,2.267000
0.613000,0.282000,0.678000,-24.893000,-13.023000,0.656000
0.661000,0.208000,0.590000,-41.397000,-13.099000,-2.672000
0.725000,-0.016000,0.508000,-38.573000,-4.664000,-5.069000
0.718000,-0.050000,0.512000,-18.305000,3.878000,7.840000
0.686000,-0.057000,0.582000,-3.924000,10.038000,14.893000
0.617000,0.068000,0.653000,-5.466000,9.771000,12.725000
0.577000,0.158000,0.699000,-17.634000,4.313000,9.695000
0.563000,0.186000,0.721000,-34.137000,-3.313000,5.466000
