0.691000,-0.230000,-0.980000,-3.481000,-0.725000,-0.672000
0.669000,-0.224000,-0.962000,-4.603000,-1.206000,-1.008000
0.686000,-0.243000,-0.972000,-3.634000,-0.893000,-0.573000
0.704000,-0.243000,-0.984000,-2.191000,0.397000,0.756000
0.684000,-0.231000,-0.969000,-1.046000,1.260000,2.176000
0.674000,-0.236000,-0.961000,-0.794000,0.794000,3.008000
0.677000,-0.237000,-0.951000,-0.954000,0.672000,2.779000
0.671000,-0.235000,-0.967000,-1.649000,0.290000,2.931000
0.681000,-0.257000,-0.969000,-2.145000,0.542000,2.183000
0.670000,-0.249000,-0.964000,-1.641000,0.519000,2.389000
0.673000,-0.260000,-0.972000,-0.885000,0.832000,2.092000
0.684000,-0.260000,-0.964000,-0.519000,1.099000,1.427000
0.672000,-0.248000,-0.956000,0.252000,1.160000,1.275000
0.674000,-0.234000,-0.961000,0.481000,0.885000,1.603000
0.695000,-0.229000,-0.971000,1.061000,1.763000,2.702000
0.691000,-0.231000,-0.964000,1.786000,3.084000,4.382000
0.693000,-0.261000,-0.957000,1.733000,3.840000,4.794000
0.694000,-0.282000,-0.973000,1.931000,4.397000,3.916000
0.699000,-0.309000,-0.993000,3.435000,5.786000,2.107000
0.718000,-0.307000,-1.017000,6.092000,7.344000,1.412000
0.733000,-0.305000,-1.035000,9.748000,10.382000,1.473000
0.755000,-0.319000,-1.066000,14.641000,13.954000,1.977000
0.796000,-0.364000,-1.102000,21.321000,20.168000,2.260000
0.845000,-0.434000,-1.161000,32.191000,30.031000,1.649000
0.887000,-0.540000,-1.222000,51.847000,43.115000,2.603000
0.908000,-0.647000,-1.266000,86.305000,56.924000,9.511000
0.963000,-0.703000,-1.311000,134.099000,70.947000,25.634000
0.975000,-0.730000,-1.368000,202.099000,82.695000,55.099000
1.025000,-0.781000,-1.452000,250.130000,97.122000,88.634000
1.020000,-0.759000,-1.453000,250.130000,113.160000,115.947000
0.978000,-0.702000,-1.458000,250.130000,125.351000,130.542000
0.961000,-0.630000,-1.408000,250.130000,135.641000,130.244000
0.974000,-0.659000,-1.386000,250.130000,149.863000,111.153000
0.949000,-0.819000,-1.364000,250.130000,164.947000,82.305000
0.864000,-0.892000,-1.263000,250.130000,178.176000,52.267000
0.746000,-0.936000,-1.166000,250.130000,181.260000,34.687000
0.715000,-0.894000,-1.094000,250.130000,178.901000,36.679000
0.722000,-0.851000,-1.039000,250.130000,177.947000,49.534000
0.739000,-0.792000,-0.977000,250.130000,176.969000,61.046000
0.755000,-0.906000,-0.960000,250.130000,181.092000,55.962000
0.746000,-0.962000,-0.883000,250.130000,186.779000,42.504000
0.730000,-0.830000,-0.788000,250.130000,189.450000,38.374000
0.727000,-0.698000,-0.673000,250.130000,190.458000,37.092000
0.704000,-0.624000,-0.570000,250.130000,192.939000,30.977000
0.601000,-0.548000,-0.457000,250.130000,192.641000,23.221000
0.488000,-0.478000,-0.310000,250.130000,185.733000,15.725000
0.433000,-0.396000,-0.185000,250.130000,175.221000,5.084000
0.387000,-0.122000,-0.009000,250.130000,161.137000,-8.710000
0.359000,0.129000,0.171000,250.130000,144.076000,-20.565000
0.289000,0.377000,0.348000,250.130000,121.649000,-29.565000
0.244000,0.462000,0.481000,250.130000,97.252000,-43.733000
0.221000,0.490000,0.568000,250.130000,73.031000,-60.328000
0.227000,0.487000,0.578000,200.939000,52.679000,-69.145000
0.283000,0.427000,0.518000,161.473000,36.290000,-68.870000
0.381000,0.342000,0.486000,136.931000,31.985000,-64.618000
0.410000,0.295000,0.488000,121.450000,32.084000,-56.893000
0.378000,0.299000,0.537000,111.450000,30.641000,-45.053000
0.334000,0.307000,0.600000,96.603000,25.313000,-38.489000
0.303000,0.365000,0.662000,72.573000,15.145000,-37.084000
0.349000,0.333000,0.656000,43.771000,6.244000,-40.191000
0.412000,0.276000,0.623000,21.702000,2.542000,-41.855000
0.448000,0.188000,0.579000,12.824000,1.603000,-36.397000
0.471000,0.110000,0.540000,9.863000,3.985000,-31.870000
0.492000,0.119000,0.524000,9.664000,9.290000,-28.214000
0.503000,0.160000,0.552000,8.779000,14.282000,-22.634000
0.483000,0.189000,0.583000,5.031000,18.832000,-17.305000
0.438000,0.188000,0.648000,-1.130000,19.527000,-12.779000
0.422000,0.163000,0.701000,-10.595000,17.000000,-10.870000
0.404000,0.069000,0.711000,-19.069000,13.870000,-12.145000
0.413000,0.040000,0.696000,-21.160000,11.237000,-11.550000
0.421000,0.004000,0.696000,-18.496000,10.130000,-7.603000
0.426000,0.027000,0.707000,-15.000000,9.115000,-1.595000
0.433000,-0.048000,0.700000,-13.412000,8.496000,-0.557000
0.451000,0.000000,0.716000,-13.641000,9.244000,-1.298000
0.478000,-0.000000,0.713000,-13.153000,10.534000,1.427000
0.490000,-0.009000,0.723000,-14.756000,12.924000,2.947000
0.472000,-0.017000,0.755000,-14.947000,13.099000,5.733000
0.455000,-0.023000,0.776000,-15.519000,11.023000,8.489000
0.440000,-0.013000,0.796000,-18.366000,7.374000,9.687000
0.429000,-0.058000,0.785000,-22.611000,3.084000,7.626000
0.453000,-0.072000,0.773000,-24.924000,-0.710000,7.496000
0.474000,-0.106000,0.749000,-22.870000,-3.550000,8.580000
0.506000,-0.099000,0.744000,-21.244000,-3.771000,9.191000
0.517000,-0.055000,0.747000,-21.779000,-3.489000,10.336000
0.528000,-0.077000,0.739000,-25.275000,-1.374000,9.466000
0.543000,-0.087000,0.733000,-28.725000,0.504000,7.885000
0.538000,-0.079000,0.743000,-29.672000,1.458000,9.962000
0.544000,-0.080000,0.732000,-33.282000,1.977000,10.160000
0.557000,-0.067000,0.722000,-40.221000,3.206000,8.084000
0.526000,-0.087000,0.715000,-45.611000,4.847000,7.786000
0.469000,-0.184000,0.749000,-42.786000,2.458000,9.458000
0.461000,-0.210000,0.770000,-37.153000,-2.053000,11.137000
0.451000,-0.180000,0.794000,-35.221000,-8.092000,12.229000
0.449000,-0.153000,0.796000,-38.481000,-14.824000,10.939000
0.488000,-0.118000,0.781000,-44.710000,-18.473000,8.740000
0.496000,-0.044000,0.763000,-51.626000,-20.695000,11.237000
0.507000,-0.046000,0.737000,-62.038000,-21.969000,12.771000
0.519000,-0.081000,0.719000,-74.076000,-21.947000,9.519000
0.526000,-0.089000,0.705000,-84.000000,-22.664000,7.527000
0.539000,-0.102000,0.688000,-92.626000,-22.634000,6.863000
