0.669000,-0.235000,-0.943000,-3.679000,-0.687000,0.374000
0.670000,-0.256000,-0.948000,-2.481000,-0.405000,0.435000
0.667000,-0.237000,-0.942000,-2.023000,-0.954000,1.137000
0.688000,-0.245000,-0.944000,-1.962000,-0.573000,1.000000
0.685000,-0.231000,-0.953000,-3.053000,0.763000,0.565000
0.681000,-0.236000,-0.942000,-3.412000,0.992000,1.237000
0.671000,-0.261000,-0.949000,-1.992000,0.977000,1.267000
0.678000,-0.271000,-0.949000,0.336000,0.794000,2.504000
0.668000,-0.256000,-0.951000,1.710000,0.466000,3.565000
0.676000,-0.245000,-0.950000,0.504000,0.053000,3.695000
0.688000,-0.264000,-0.965000,-1.427000,0.878000,1.916000
0.689000,-0.264000,-0.974000,-2.847000,2.015000,0.359000
0.688000,-0.267000,-0.977000,-2.450000,2.939000,0.695000
0.705000,-0.296000,-0.992000,0.115000,4.542000,1.450000
0.711000,-0.291000,-0.992000,2.298000,5.992000,1.748000
0.691000,-0.278000,-0.983000,3.664000,6.794000,2.290000
0.717000,-0.291000,-1.003000,4.267000,7.832000,1.580000
0.738000,-0.299000,-1.027000,5.076000,10.344000,-0.153000
0.753000,-0.307000,-1.051000,7.168000,14.427000,-0.634000
0.773000,-0.319000,-1.063000,10.679000,20.000000,-0.137000
0.796000,-0.370000,-1.096000,16.374000,27.160000,-0.427000
0.852000,-0.428000,-1.141000,24.412000,37.641000,-3.267000
0.895000,-0.481000,-1.191000,36.595000,51.527000,-6.779000
0.914000,-0.513000,-1.204000,52.885000,67.183000,-8.779000
0.889000,-0.580000,-1.213000,76.046000,80.580000,-7.702000
0.892000,-0.612000,-1.199000,104.122000,92.038000,-5.771000
0.810000,-0.688000,-1.182000,137.206000,97.611000,0.366000
0.802000,-0.778000,-1.158000,185.023000,98.634000,8.687000
0.775000,-0.760000,-1.155000,238.443000,96.863000,21.962000
0.854000,-0.769000,-1.229000,250.130000,97.313000,37.504000
0.962000,-0.763000,-1.301000,250.130000,105.908000,47.168000
1.045000,-0.734000,-1.373000,250.130000,122.931000,45.374000
1.061000,-0.692000,-1.390000,250.130000,144.099000,35.939000
1.012000,-0.703000,-1.319000,250.130000,161.565000,26.664000
0.915000,-0.681000,-1.235000,250.130000,170.809000,23.214000
0.877000,-0.697000,-1.174000,250.130000,176.076000,23.260000
0.842000,-0.684000,-1.084000,250.130000,179.481000,22.702000
0.852000,-0.713000,-1.049000,250.130000,181.679000,18.008000
0.887000,-0.769000,-1.067000,250.130000,189.725000,7.954000
0.943000,-0.496000,-0.950000,250.130000,201.924000,11.519000
0.945000,-0.255000,-0.837000,250.130000,210.649000,36.107000
0.942000,-0.173000,-0.719000,250.130000,217.763000,58.260000
0.883000,-0.168000,-0.575000,250.130000,224.443000,65.595000
0.754000,-0.220000,-0.428000,250.130000,224.863000,66.450000
0.633000,-0.312000,-0.274000,250.130000,217.954000,62.908000
0.613000,-0.333000,-0.184000,250.130000,209.290000,57.122000
0.590000,-0.349000,-0.106000,250.130000,201.794000,48.863000
0.529000,-0.351000,-0.015000,250.130000,195.130000,36.260000
0.445000,-0.297000,0.093000,250.130000,182.771000,22.511000
0.404000,-0.150000,0.203000,250.130000,169.183000,8.489000
0.353000,0.003000,0.318000,250.130000,153.580000,-3.084000
0.307000,0.142000,0.438000,250.130000,136.267000,-14.267000
0.231000,0.209000,0.555000,246.504000,116.145000,-26.992000
0.185000,0.069000,0.598000,206.542000,96.359000,-43.817000
0.181000,0.025000,0.628000,178.695000,79.076000,-58.198000
0.196000,0.131000,0.644000,162.511000,63.298000,-55.504000
0.196000,0.223000,0.695000,149.153000,48.214000,-44.115000
0.200000,0.211000,0.710000,130.122000,32.977000,-39.282000
0.230000,0.218000,0.728000,109.275000,19.939000,-40.702000
0.271000,0.249000,0.718000,88.550000,7.962000,-40.878000
0.330000,0.268000,0.706000,70.260000,1.489000,-38.160000
0.362000,0.269000,0.675000,59.145000,-3.237000,-29.649000
0.372000,0.254000,0.687000,51.359000,-7.595000,-19.382000
0.395000,0.181000,0.662000,42.702000,-11.038000,-15.053000
0.420000,0.161000,0.671000,35.382000,-13.954000,-14.397000
0.453000,0.208000,0.661000,27.504000,-16.969000,-10.519000
0.511000,0.203000,0.646000,17.641000,-17.947000,-7.534000
0.537000,0.178000,0.633000,8.534000,-17.336000,-5.366000
0.597000,0.086000,0.592000,2.031000,-13.954000,-5.595000
0.625000,0.067000,0.581000,1.122000,-8.763000,-1.641000
0.633000,0.007000,0.585000,3.351000,-4.260000,3.229000
0.672000,-0.002000,0.582000,2.244000,2.580000,2.611000
0.685000,0.051000,0.606000,-0.008000,10.824000,4.763000
0.651000,0.047000,0.645000,-1.710000,16.084000,9.473000
0.573000,-0.005000,0.708000,-5.458000,17.176000,9.534000
0.503000,-0.026000,0.770000,-10.405000,12.160000,7.702000
0.474000,-0.061000,0.804000,-13.870000,3.412000,6.695000
0.489000,-0.078000,0.786000,-15.282000,-3.748000,5.412000
0.512000,-0.064000,0.758000,-16.344000,-8.595000,5.489000
0.522000,-0.074000,0.741000,-16.832000,-12.168000,5.527000
0.548000,-0.081000,0.735000,-16.710000,-13.137000,5.534000
0.571000,-0.065000,0.710000,-16.069000,-13.031000,7.901000
0.562000,-0.083000,0.718000,-16.061000,-11.786000,10.183000
0.564000,-0.119000,0.720000,-16.855000,-12.107000,8.046000
0.565000,-0.062000,0.727000,-18.397000,-13.641000,8.351000
0.574000,-0.052000,0.722000,-22.626000,-15.855000,8.702000
0.597000,-0.053000,0.705000,-29.038000,-17.053000,6.702000
0.604000,-0.051000,0.666000,-34.374000,-18.191000,5.168000
0.606000,-0.066000,0.638000,-38.397000,-18.779000,4.840000
0.644000,-0.122000,0.602000,-41.687000,-16.565000,1.275000
0.654000,-0.129000,0.587000,-39.069000,-12.412000,1.084000
0.664000,-0.121000,0.592000,-34.649000,-7.519000,5.275000
0.644000,-0.113000,0.612000,-33.137000,-3.710000,8.191000
0.640000,-0.106000,0.635000,-36.313000,-1.344000,7.466000
0.608000,-0.094000,0.649000,-40.191000,-1.061000,7.458000
0.582000,-0.073000,0.668000,-45.618000,-3.267000,8.046000
0.563000,-0.023000,0.680000,-54.374000,-7.092000,7.954000
0.531000,0.031000,0.727000,-67.496000,-12.947000,8.122000
0.492000,0.072000,0.768000,-85.122000,-22.649000,8.069000
0.450000,0.089000,0.796000,-106.534000,-34.008000,6.366000
