-0.258000,-0.017000,0.851000,-5.771000,1.084000,-0.267000
-0.268000,-0.015000,0.853000,-5.206000,0.687000,-0.275000
-0.262000,-0.021000,0.864000,-5.351000,0.992000,-0.344000
-0.263000,-0.024000,0.846000,-5.634000,1.023000,-0.397000
-0.258000,-0.015000,0.855000,-5.641000,1.061000,-0.672000
-0.269000,-0.021000,0.873000,-5.588000,0.870000,-0.389000
-0.286000,-0.028000,0.883000,-5.115000,0.519000,-0.427000
-0.309000,-0.046000,0.918000,-3.061000,-1.069000,-0.214000
-0.353000,-0.101000,0.981000,1.198000,-3.710000,0.336000
-0.507000,-0.168000,1.175000,8.855000,-8.977000,0.008000
-0.646000,-0.276000,1.356000,23.748000,-20.885000,3.321000
-0.721000,-0.404000,1.582000,35.298000,-41.321000,1.672000
-0.831000,0.259000,1.634000,67.962000,-59.420000,21.870000
-0.829000,0.265000,1.563000,2.344000,-85.756000,1.275000
-0.835000,-0.103000,1.562000,30.061000,-106.069000,4.977000
-0.786000,0.594000,1.413000,15.824000,-125.473000,10.145000
-0.351000,0.182000,0.980000,-10.145000,-133.282000,4.450000
-0.250000,0.006000,0.878000,-4.282000,-124.412000,4.756000
-0.235000,-0.057000,0.921000,4.557000,-129.634000,10.229000
-0.172000,-0.041000,0.908000,7.832000,-121.878000,8.496000
-0.179000,-0.213000,0.797000,9.000000,-124.260000,8.527000
-0.158000,-0.181000,0.857000,18.718000,-122.237000,4.443000
-0.043000,-0.137000,0.655000,18.099000,-122.824000,2.496000
0.205000,-0.071000,0.356000,22.588000,-112.000000,3.389000
0.392000,-0.021000,0.173000,24.641000,-95.298000,4.244000
0.425000,0.002000,0.277000,17.389000,-78.328000,0.756000
0.244000,0.021000,0.558000,13.282000,-66.611000,-3.901000
0.254000,0.083000,0.386000,8.382000,-61.000000,-7.427000
0.296000,0.128000,0.426000,3.832000,-47.740000,-9.702000
0.187000,0.191000,0.636000,3.504000,-42.786000,-5.626000
0.230000,0.193000,0.608000,4.863000,-36.573000,-1.290000
0.161000,0.177000,0.670000,3.061000,-32.229000,1.756000
0.174000,0.135000,0.700000,0.817000,-27.840000,2.481000
0.118000,0.080000,0.810000,-2.061000,-24.115000,1.328000
0.076000,0.054000,0.868000,-2.168000,-23.198000,1.191000
0.138000,0.030000,0.739000,-3.008000,-21.122000,0.702000
0.177000,-0.006000,0.736000,-2.496000,-16.252000,-0.679000
0.212000,0.009000,0.684000,-0.885000,-12.504000,-1.183000
0.275000,0.020000,0.573000,-2.031000,-6.130000,-2.336000
0.194000,0.058000,0.792000,-2.618000,-1.588000,-3.519000
0.088000,0.089000,0.881000,-2.305000,-3.076000,-2.947000
0.067000,0.099000,0.899000,-0.695000,-2.947000,-2.519000
-0.005000,0.131000,1.051000,-1.267000,-5.962000,-0.840000
0.051000,0.071000,0.947000,-1.344000,-7.183000,-0.740000
0.091000,0.044000,0.936000,-1.626000,-7.435000,-1.534000
0.104000,0.061000,0.886000,-4.221000,-8.450000,-1.893000
0.120000,0.058000,0.832000,-5.176000,-7.298000,-2.550000
0.171000,0.080000,0.751000,-6.450000,-5.008000,-3.336000
0.249000,0.085000,0.632000,-7.260000,-0.099000,-3.122000
0.242000,0.096000,0.681000,-6.748000,4.878000,-1.977000
0.155000,0.155000,0.812000,-4.053000,6.939000,0.244000
0.087000,0.141000,0.876000,-3.855000,6.504000,2.031000
0.021000,0.129000,0.980000,-3.542000,3.405000,3.580000
0.060000,0.091000,0.970000,-5.382000,2.214000,3.191000
0.061000,0.054000,0.978000,-6.733000,0.504000,2.427000
0.079000,0.034000,0.927000,-7.939000,0.061000,1.069000
0.088000,0.033000,0.903000,-8.626000,0.084000,0.069000
0.128000,0.030000,0.847000,-7.931000,0.725000,-0.427000
0.148000,0.041000,0.832000,-7.802000,1.985000,-0.947000
0.126000,0.063000,0.854000,-6.145000,2.687000,-1.046000
0.128000,0.075000,0.856000,-5.450000,3.176000,-0.687000
0.093000,0.099000,0.889000,-4.275000,3.183000,0.511000
0.080000,0.105000,0.911000,-4.664000,2.656000,1.534000
0.077000,0.074000,0.931000,-4.351000,1.733000,1.466000
0.063000,0.071000,0.962000,-5.588000,0.496000,1.573000
0.089000,0.044000,0.907000,-5.206000,-0.107000,0.763000
0.094000,0.029000,0.909000,-5.542000,-0.061000,0.023000
0.112000,0.036000,0.869000,-6.046000,-0.611000,-0.771000
0.113000,0.038000,0.867000,-6.153000,0.061000,-1.679000
0.128000,0.046000,0.849000,-5.176000,0.733000,-2.137000
0.099000,0.064000,0.895000,-4.718000,0.557000,-1.809000
0.117000,0.074000,0.834000,-4.305000,1.153000,-1.618000
0.118000,0.079000,0.861000,-3.580000,2.176000,-1.168000
0.127000,0.081000,0.847000,-3.611000,2.733000,-0.771000
0.102000,0.073000,0.882000,-3.779000,2.634000,-0.710000
0.075000,0.080000,0.934000,-4.191000,2.313000,-0.702000
0.064000,0.080000,0.952000,-3.885000,0.702000,-0.771000
0.083000,0.065000,0.901000,-5.214000,0.076000,-1.160000
0.095000,0.065000,0.908000,-5.443000,-0.076000,-1.656000
0.118000,0.068000,0.861000,-5.916000,0.435000,-1.672000
0.113000,0.071000,0.855000,-5.611000,1.397000,-1.740000
0.117000,0.086000,0.870000,-5.496000,1.794000,-1.450000
0.119000,0.094000,0.837000,-5.748000,2.061000,-0.992000
0.136000,0.093000,0.824000,-5.527000,3.542000,-0.580000
0.105000,0.097000,0.878000,-4.847000,4.198000,0.435000
0.088000,0.108000,0.891000,-3.771000,4.290000,1.176000
0.052000,0.097000,0.947000,-4.405000,2.527000,1.847000
0.067000,0.074000,0.927000,-5.420000,1.580000,1.550000
0.076000,0.059000,0.942000,-5.382000,0.672000,1.076000
0.081000,0.045000,0.911000,-5.878000,-0.420000,0.450000
0.102000,0.047000,0.888000,-5.641000,-0.435000,-0.221000
0.107000,0.045000,0.878000,-6.031000,-0.466000,-0.565000
0.128000,0.051000,0.823000,-6.321000,0.160000,-1.008000
0.130000,0.065000,0.843000,-5.626000,1.603000,-1.137000
0.116000,0.076000,0.854000,-5.626000,2.092000,-0.977000
0.100000,0.083000,0.881000,-5.282000,2.504000,-0.740000
0.071000,0.088000,0.934000,-5.366000,1.267000,-0.420000
0.068000,0.079000,0.934000,-5.008000,0.229000,-0.198000
0.069000,0.072000,0.940000,-5.328000,-1.023000,-0.160000
0.089000,0.062000,0.902000,-5.359000,-1.122000,-0.397000
