-0.300000,-0.041000,0.919000,-4.405000,-1.115000,0.069000
-0.365000,-0.087000,0.988000,-1.092000,-3.977000,0.748000
-0.463000,-0.155000,1.136000,6.168000,-8.229000,0.939000
-0.692000,-0.172000,1.391000,16.458000,-20.809000,3.282000
-0.817000,-0.409000,1.523000,28.588000,-45.214000,7.527000
-0.753000,0.141000,1.608000,51.344000,-63.405000,17.664000
-0.751000,0.058000,1.594000,8.061000,-93.565000,5.130000
-0.466000,0.054000,1.123000,24.458000,-99.611000,0.076000
-0.491000,0.524000,1.177000,8.641000,-105.176000,3.115000
-0.549000,0.269000,1.245000,-5.664000,-116.160000,6.374000
-0.117000,0.038000,0.734000,-8.260000,-111.870000,2.855000
-0.168000,-0.016000,0.756000,-1.328000,-109.023000,6.718000
-0.020000,-0.059000,0.747000,1.435000,-104.855000,7.176000
-0.108000,-0.110000,0.810000,-1.542000,-102.023000,4.870000
-0.044000,-0.165000,0.729000,4.618000,-98.969000,2.450000
0.027000,-0.127000,0.653000,6.695000,-92.748000,-0.939000
-0.007000,-0.117000,0.751000,14.229000,-88.267000,-1.794000
-0.024000,0.014000,0.782000,19.939000,-87.031000,0.221000
0.063000,0.045000,0.636000,22.153000,-83.420000,3.992000
0.180000,0.073000,0.558000,16.756000,-74.168000,2.962000
0.136000,0.068000,0.613000,14.191000,-68.565000,2.527000
0.284000,0.104000,0.425000,7.489000,-59.015000,1.191000
0.248000,0.085000,0.514000,3.809000,-48.328000,-0.214000
0.201000,0.083000,0.610000,3.542000,-40.359000,0.031000
0.121000,0.097000,0.702000,3.771000,-36.573000,1.069000
0.173000,0.069000,0.619000,2.206000,-32.511000,1.817000
0.172000,0.033000,0.685000,1.962000,-27.420000,1.611000
0.153000,0.027000,0.730000,-0.366000,-23.649000,0.122000
0.109000,-0.022000,0.799000,1.550000,-19.183000,-1.321000
0.077000,0.008000,0.819000,2.893000,-17.863000,-1.382000
0.074000,0.031000,0.853000,2.466000,-16.450000,-1.618000
0.137000,0.015000,0.780000,-0.802000,-15.328000,-3.290000
0.141000,0.036000,0.778000,-1.298000,-12.824000,-4.710000
0.190000,0.045000,0.690000,-3.237000,-9.443000,-5.466000
0.221000,0.077000,0.649000,-6.267000,-3.809000,-5.870000
0.173000,0.096000,0.746000,-5.802000,0.588000,-5.275000
0.078000,0.125000,0.894000,-3.115000,0.809000,-2.573000
0.036000,0.146000,0.922000,-2.176000,-0.588000,-0.389000
0.014000,0.109000,1.002000,-2.603000,-2.794000,0.863000
0.047000,0.079000,0.921000,-2.534000,-3.527000,1.168000
0.073000,0.047000,0.914000,-2.099000,-3.191000,1.015000
0.081000,0.030000,0.892000,-3.244000,-4.229000,0.679000
0.087000,0.040000,0.889000,-4.618000,-3.573000,-0.290000
0.092000,0.041000,0.864000,-6.344000,-4.824000,-1.305000
0.177000,0.029000,0.739000,-7.130000,-1.794000,-2.351000
0.169000,0.063000,0.750000,-7.656000,1.023000,-2.641000
0.161000,0.069000,0.774000,-6.977000,4.244000,-2.237000
0.067000,0.133000,0.900000,-4.702000,4.695000,-0.099000
0.039000,0.130000,0.925000,-3.809000,3.008000,2.092000
0.054000,0.100000,0.932000,-3.580000,2.275000,3.198000
0.028000,0.072000,0.997000,-3.427000,0.344000,3.435000
0.031000,0.040000,0.980000,-4.130000,-1.458000,2.916000
0.019000,0.029000,0.986000,-3.977000,-3.237000,2.427000
0.047000,0.008000,0.949000,-4.061000,-5.107000,1.443000
0.068000,0.021000,0.907000,-5.374000,-6.137000,0.420000
0.116000,0.012000,0.825000,-5.435000,-5.466000,-1.015000
0.151000,0.017000,0.781000,-6.435000,-3.504000,-2.420000
0.192000,0.050000,0.734000,-6.924000,0.397000,-2.611000
0.160000,0.067000,0.782000,-5.664000,3.427000,-2.412000
0.061000,0.114000,0.922000,-3.198000,2.191000,-0.313000
0.062000,0.112000,0.881000,-4.290000,1.611000,1.008000
0.053000,0.085000,0.962000,-4.557000,0.725000,1.221000
0.056000,0.047000,0.969000,-4.420000,-0.504000,0.603000
0.045000,0.036000,0.959000,-4.779000,-1.847000,0.458000
0.060000,0.019000,0.920000,-4.863000,-2.687000,-0.435000
0.110000,0.020000,0.862000,-5.244000,-2.153000,-1.305000
0.138000,0.017000,0.816000,-6.450000,-1.282000,-2.656000
0.169000,0.037000,0.740000,-7.267000,1.550000,-3.206000
0.126000,0.059000,0.831000,-5.725000,3.626000,-3.573000
0.099000,0.094000,0.843000,-5.718000,3.344000,-2.802000
0.070000,0.111000,0.894000,-3.947000,3.924000,-1.313000
0.058000,0.117000,0.930000,-3.802000,3.061000,0.160000
0.074000,0.102000,0.906000,-4.481000,2.710000,0.649000
0.046000,0.082000,0.976000,-5.053000,1.641000,1.076000
0.066000,0.056000,0.919000,-5.924000,0.496000,0.748000
0.090000,0.037000,0.890000,-6.099000,0.656000,0.305000
0.104000,0.034000,0.879000,-6.710000,0.580000,-0.267000
0.108000,0.032000,0.844000,-7.000000,0.893000,-1.176000
0.106000,0.022000,0.848000,-6.489000,1.481000,-1.710000
0.114000,0.046000,0.828000,-7.656000,2.351000,-2.221000
0.100000,0.055000,0.870000,-6.214000,3.405000,-2.237000
0.076000,0.089000,0.897000,-5.885000,3.000000,-1.450000
0.073000,0.097000,0.910000,-5.588000,3.084000,-0.779000
0.063000,0.101000,0.935000,-6.008000,1.878000,-0.015000
0.064000,0.088000,0.920000,-6.107000,1.382000,0.328000
0.072000,0.066000,0.910000,-6.237000,0.656000,0.527000
0.091000,0.041000,0.895000,-6.099000,1.046000,0.450000
0.090000,0.039000,0.892000,-5.481000,0.740000,0.260000
0.098000,0.040000,0.854000,-6.153000,1.580000,-0.061000
0.103000,0.046000,0.867000,-5.534000,1.931000,-0.305000
0.106000,0.058000,0.849000,-5.458000,2.473000,-0.557000
0.110000,0.063000,0.852000,-5.916000,3.275000,-0.511000
0.100000,0.075000,0.869000,-5.168000,3.931000,-0.023000
0.083000,0.092000,0.900000,-5.130000,3.763000,0.695000
0.074000,0.083000,0.907000,-5.412000,3.672000,1.099000
0.055000,0.056000,0.938000,-5.252000,2.779000,1.107000
0.060000,0.052000,0.914000,-5.611000,1.565000,1.046000
0.066000,0.035000,0.911000,-5.489000,1.168000,0.641000
0.080000,0.035000,0.897000,-6.084000,0.809000,-0.145000
0.082000,0.027000,0.893000,-6.137000,0.901000,-0.824000
