-0.462000,0.371000,0.582000,-2.824000,0.069000,0.618000
-0.469000,0.369000,0.589000,-2.878000,0.145000,0.481000
-0.471000,0.369000,0.580000,-2.855000,0.145000,0.565000
-0.468000,0.369000,0.585000,-2.893000,0.084000,0.458000
-0.472000,0.373000,0.589000,-2.954000,0.183000,0.206000
-0.474000,0.366000,0.590000,-2.901000,0.298000,0.603000
-0.467000,0.364000,0.587000,-2.878000,0.237000,0.679000
-0.460000,0.362000,0.584000,-2.679000,0.382000,0.359000
-0.475000,0.370000,0.588000,-2.924000,-0.076000,0.618000
-0.469000,0.370000,0.591000,-2.664000,-0.053000,0.893000
-0.466000,0.372000,0.594000,-2.725000,0.061000,0.687000
-0.478000,0.372000,0.593000,-2.618000,0.137000,0.580000
-0.477000,0.367000,0.592000,-2.351000,-0.053000,0.931000
-0.477000,0.376000,0.595000,-2.282000,-0.313000,1.115000
-0.471000,0.370000,0.598000,-2.313000,-0.229000,1.107000
-0.469000,0.371000,0.585000,-2.359000,-0.053000,1.153000
-0.478000,0.374000,0.597000,-2.107000,-0.389000,1.031000
-0.475000,0.369000,0.598000,-1.962000,-0.336000,1.252000
-0.482000,0.370000,0.598000,-1.481000,-0.458000,1.641000
-0.483000,0.364000,0.584000,-0.450000,-0.542000,1.931000
-0.500000,0.371000,0.617000,2.519000,0.153000,3.725000
-0.489000,0.349000,0.615000,2.130000,-1.176000,4.031000
-0.480000,0.382000,0.584000,5.092000,-1.504000,6.214000
-0.439000,0.364000,0.558000,2.992000,-1.313000,5.084000
-0.430000,0.377000,0.557000,2.756000,0.061000,4.160000
-0.444000,0.372000,0.565000,1.290000,0.466000,2.916000
-0.467000,0.395000,0.573000,0.504000,0.252000,2.534000
-0.471000,0.382000,0.579000,-0.786000,0.115000,1.725000
-0.454000,0.372000,0.581000,-0.702000,0.427000,1.237000
-0.544000,0.408000,0.657000,0.710000,1.023000,1.679000
-0.652000,0.410000,0.727000,2.435000,-3.168000,5.382000
-0.592000,0.386000,0.691000,5.382000,-7.061000,9.542000
-0.562000,0.411000,0.671000,5.977000,-8.405000,11.779000
-0.558000,0.403000,0.691000,10.176000,-9.084000,14.221000
-0.851000,0.584000,0.941000,20.916000,-7.748000,23.802000
-1.537000,0.805000,1.333000,20.237000,-31.099000,37.153000
-1.391000,0.643000,1.210000,7.855000,-68.389000,48.519000
-0.950000,0.551000,0.936000,12.038000,-87.214000,58.153000
-0.586000,0.501000,0.634000,13.603000,-92.076000,60.740000
-0.366000,0.564000,0.408000,6.336000,-89.908000,57.153000
-0.275000,0.466000,0.421000,0.573000,-85.092000,53.069000
-0.233000,0.427000,0.403000,8.412000,-74.863000,57.885000
-0.179000,0.389000,0.388000,9.588000,-67.115000,59.656000
-0.195000,0.334000,0.449000,12.977000,-60.000000,60.076000
-0.288000,0.355000,0.617000,17.466000,-55.634000,59.550000
-0.687000,0.527000,0.920000,18.176000,-57.924000,60.504000
-0.899000,0.569000,0.999000,14.183000,-76.099000,65.870000
-0.763000,0.504000,0.912000,7.328000,-95.366000,67.595000
-0.470000,0.410000,0.760000,-1.573000,-106.076000,62.061000
-0.223000,0.399000,0.622000,-5.244000,-107.954000,53.740000
-0.147000,0.442000,0.514000,-10.481000,-102.802000,45.817000
-0.097000,0.438000,0.486000,-11.832000,-98.298000,41.389000
-0.144000,0.526000,0.476000,-10.473000,-91.427000,41.771000
-0.129000,0.527000,0.459000,-15.191000,-89.748000,41.527000
-0.075000,0.503000,0.471000,-16.626000,-86.260000,40.405000
-0.073000,0.507000,0.508000,-18.603000,-83.244000,39.145000
-0.005000,0.462000,0.491000,-20.840000,-78.687000,36.527000
-0.017000,0.471000,0.552000,-17.672000,-71.023000,35.779000
-0.206000,0.571000,0.707000,-16.580000,-67.885000,37.099000
-0.328000,0.599000,0.791000,-18.298000,-72.870000,39.374000
-0.320000,0.587000,0.769000,-22.550000,-79.985000,40.748000
-0.145000,0.471000,0.664000,-27.969000,-87.679000,39.885000
0.049000,0.366000,0.585000,-29.939000,-85.756000,35.756000
0.188000,0.265000,0.509000,-28.534000,-81.412000,30.824000
0.262000,0.258000,0.519000,-22.443000,-70.786000,25.863000
0.123000,0.305000,0.547000,-22.198000,-67.198000,23.626000
0.281000,0.224000,0.410000,-22.634000,-63.878000,19.053000
0.363000,0.199000,0.386000,-20.924000,-54.420000,13.443000
0.331000,0.251000,0.457000,-18.855000,-46.931000,9.626000
0.333000,0.279000,0.463000,-17.183000,-39.382000,5.954000
0.235000,0.354000,0.544000,-14.366000,-31.710000,5.137000
0.147000,0.437000,0.572000,-12.695000,-28.405000,7.389000
0.127000,0.459000,0.626000,-13.099000,-25.786000,8.099000
0.045000,0.518000,0.683000,-12.214000,-23.962000,10.718000
0.153000,0.464000,0.612000,-14.626000,-24.389000,10.924000
0.167000,0.433000,0.631000,-15.771000,-19.969000,9.405000
0.268000,0.359000,0.543000,-17.214000,-18.435000,7.763000
0.302000,0.308000,0.540000,-17.420000,-12.550000,5.183000
0.359000,0.256000,0.494000,-16.214000,-7.771000,2.718000
0.334000,0.259000,0.550000,-14.290000,-0.115000,-0.405000
0.220000,0.309000,0.636000,-10.603000,5.099000,-1.481000
0.183000,0.329000,0.660000,-8.611000,8.206000,-2.466000
-0.046000,0.446000,0.856000,-3.443000,10.969000,-0.603000
-0.057000,0.495000,0.853000,-2.809000,5.786000,2.557000
-0.149000,0.521000,0.914000,-3.740000,0.954000,4.534000
-0.052000,0.494000,0.879000,-5.267000,-4.000000,4.389000
-0.030000,0.433000,0.852000,-7.679000,-10.008000,3.649000
0.142000,0.372000,0.717000,-9.298000,-9.969000,0.870000
0.158000,0.339000,0.709000,-8.359000,-9.160000,-1.008000
0.206000,0.331000,0.626000,-8.779000,-7.305000,-2.771000
0.197000,0.312000,0.598000,-8.550000,-4.779000,-4.481000
0.237000,0.313000,0.626000,-6.534000,0.794000,-6.252000
0.148000,0.400000,0.683000,-3.618000,4.901000,-6.092000
0.076000,0.446000,0.724000,-0.870000,6.763000,-3.603000
-0.046000,0.519000,0.840000,0.931000,5.931000,-0.527000
-0.084000,0.534000,0.861000,-0.366000,1.405000,2.397000
-0.025000,0.485000,0.811000,-2.275000,-2.496000,3.237000
0.038000,0.445000,0.809000,-3.802000,-4.916000,2.069000
0.110000,0.409000,0.748000,-4.924000,-6.023000,0.977000
0.139000,0.362000,0.698000,-5.496000,-5.427000,-0.779000
0.140000,0.368000,0.698000,-4.985000,-4.260000,-1.908000
