-0.084000,0.239000,0.936000,-10.351000,-0.336000,-1.405000
-0.080000,0.241000,0.938000,-10.092000,-0.351000,-1.496000
-0.082000,0.243000,0.938000,-9.725000,-0.550000,-1.481000
-0.084000,0.244000,0.937000,-9.924000,-0.702000,-1.374000
-0.076000,0.247000,0.932000,-10.046000,-0.565000,-1.466000
-0.081000,0.245000,0.935000,-10.015000,-0.580000,-1.344000
-0.089000,0.245000,0.935000,-9.954000,-0.824000,-1.481000
-0.081000,0.242000,0.939000,-9.679000,-0.931000,-1.374000
-0.084000,0.242000,0.941000,-9.527000,-1.115000,-1.313000
-0.080000,0.244000,0.929000,-9.466000,-0.931000,-1.252000
-0.083000,0.235000,0.951000,-8.870000,-1.344000,-1.374000
-0.086000,0.246000,0.937000,-8.763000,-1.527000,-1.191000
-0.093000,0.239000,0.971000,-7.176000,-2.092000,-1.542000
-0.111000,0.229000,0.999000,-3.832000,-4.305000,-1.115000
-0.098000,0.235000,0.969000,-1.466000,-6.672000,-1.008000
-0.112000,0.272000,0.993000,-0.290000,-8.351000,-0.748000
-0.060000,0.234000,0.912000,1.084000,-9.954000,-0.763000
-0.049000,0.241000,0.913000,-0.076000,-7.527000,-1.527000
-0.150000,0.224000,1.098000,6.916000,-10.351000,-2.076000
-0.193000,0.283000,1.108000,11.557000,-18.168000,-1.191000
-0.126000,0.269000,1.031000,13.374000,-21.954000,-1.008000
-0.181000,0.316000,1.087000,15.023000,-26.137000,-0.122000
-0.151000,0.268000,1.109000,14.000000,-33.573000,0.611000
-0.210000,0.270000,1.291000,28.290000,-40.168000,-0.550000
-0.335000,0.477000,1.446000,29.634000,-52.580000,5.573000
-0.401000,0.562000,1.605000,15.802000,-68.031000,11.359000
-0.417000,0.574000,1.555000,4.412000,-85.191000,16.046000
-0.223000,0.521000,1.222000,-10.656000,-96.550000,20.183000
-0.103000,0.442000,1.049000,-14.992000,-96.779000,23.069000
-0.067000,0.398000,1.022000,-14.458000,-95.603000,24.168000
-0.087000,0.363000,1.050000,-8.382000,-98.672000,27.160000
-0.002000,0.322000,0.985000,-12.275000,-99.786000,29.099000
0.029000,0.176000,0.916000,-6.977000,-97.740000,27.267000
0.067000,0.198000,0.895000,-5.740000,-96.305000,26.397000
0.081000,0.154000,0.945000,-5.145000,-95.863000,23.267000
0.045000,0.198000,1.076000,0.840000,-96.015000,19.924000
0.001000,0.255000,1.150000,8.855000,-103.634000,20.351000
0.007000,0.331000,1.083000,9.847000,-105.679000,22.137000
0.047000,0.337000,0.978000,2.076000,-105.252000,23.893000
0.174000,0.254000,0.813000,-3.145000,-106.076000,24.198000
0.234000,0.185000,0.838000,4.290000,-101.557000,20.779000
0.188000,0.321000,0.828000,5.817000,-101.649000,22.336000
0.268000,0.251000,0.642000,0.809000,-96.321000,21.038000
0.341000,0.191000,0.601000,2.519000,-89.924000,19.282000
0.308000,0.223000,0.709000,8.137000,-83.786000,17.344000
0.278000,0.293000,0.697000,6.611000,-82.763000,18.412000
0.422000,0.219000,0.563000,-2.183000,-76.168000,15.389000
0.357000,0.189000,0.728000,6.046000,-69.344000,12.763000
0.321000,0.321000,0.706000,3.313000,-68.901000,14.046000
0.452000,0.218000,0.587000,-7.084000,-62.718000,10.809000
0.421000,0.190000,0.633000,-1.344000,-54.962000,8.229000
0.439000,0.263000,0.596000,-4.901000,-51.450000,7.313000
0.482000,0.184000,0.601000,-7.786000,-45.725000,4.107000
0.452000,0.231000,0.596000,-2.366000,-39.115000,3.023000
0.506000,0.250000,0.505000,-10.580000,-34.076000,1.313000
0.500000,0.219000,0.530000,-5.435000,-25.847000,-0.046000
0.508000,0.292000,0.612000,-4.366000,-20.107000,-1.176000
0.460000,0.305000,0.771000,2.260000,-15.206000,-2.092000
0.346000,0.433000,0.791000,3.313000,-14.427000,1.527000
0.394000,0.394000,0.691000,-13.191000,-18.107000,2.473000
0.484000,0.251000,0.692000,-10.519000,-14.443000,1.756000
0.465000,0.302000,0.735000,-4.366000,-8.977000,1.863000
0.422000,0.302000,0.779000,-8.763000,-8.611000,1.374000
0.423000,0.289000,0.734000,-9.069000,-8.153000,1.145000
0.464000,0.260000,0.734000,-12.550000,-5.832000,-0.260000
0.447000,0.252000,0.755000,-11.313000,-5.176000,-0.412000
0.448000,0.265000,0.764000,-12.107000,-4.748000,-1.282000
0.471000,0.253000,0.779000,-10.229000,-2.763000,-3.405000
0.431000,0.286000,0.852000,-4.595000,-0.595000,-3.542000
0.366000,0.366000,0.919000,-8.962000,-4.046000,-3.206000
0.401000,0.334000,0.923000,-12.412000,-5.756000,-2.779000
0.397000,0.326000,0.960000,-9.237000,-6.046000,-3.328000
0.359000,0.368000,0.956000,-12.275000,-8.366000,-2.168000
0.385000,0.331000,0.937000,-17.359000,-13.099000,-2.595000
0.415000,0.304000,0.876000,-16.046000,-11.481000,-2.763000
0.426000,0.292000,0.787000,-20.733000,-12.473000,-3.542000
0.493000,0.221000,0.707000,-23.389000,-10.489000,-5.405000
0.455000,0.212000,0.751000,-17.237000,-8.397000,-6.305000
0.482000,0.272000,0.704000,-19.252000,-7.527000,-7.511000
0.468000,0.236000,0.753000,-15.344000,-4.336000,-8.687000
0.391000,0.361000,0.819000,-11.679000,-6.779000,-6.718000
0.470000,0.343000,0.689000,-19.664000,-4.718000,-6.305000
0.454000,0.344000,0.779000,-13.069000,-1.985000,-5.832000
0.439000,0.404000,0.822000,-14.763000,-1.695000,-4.107000
0.401000,0.347000,0.856000,-11.420000,-0.824000,-2.489000
0.434000,0.379000,0.809000,-11.893000,-1.969000,-1.160000
0.442000,0.309000,0.778000,-12.916000,-0.290000,-0.290000
0.492000,0.286000,0.722000,-10.550000,3.664000,-0.641000
0.473000,0.298000,0.747000,-9.252000,6.305000,-0.611000
0.419000,0.293000,0.874000,-4.595000,6.702000,-1.008000
0.397000,0.373000,0.880000,-7.481000,4.733000,-0.214000
0.392000,0.295000,0.887000,-10.855000,2.809000,-0.107000
0.460000,0.295000,0.843000,-8.947000,3.130000,-0.763000
0.397000,0.292000,0.912000,-7.527000,3.267000,-0.580000
0.387000,0.314000,0.890000,-9.603000,-0.565000,-0.458000
0.409000,0.295000,0.898000,-9.756000,-0.641000,-1.099000
0.413000,0.320000,0.874000,-10.733000,-2.244000,-0.916000
0.429000,0.291000,0.831000,-12.351000,-1.725000,-1.099000
0.466000,0.284000,0.804000,-11.679000,-0.321000,-1.603000
