-0.461000,0.369000,0.610000,-3.779000,-13.710000,7.321000
-0.434000,0.361000,0.602000,-3.221000,-12.183000,6.649000
-0.446000,0.343000,0.618000,-4.252000,-11.794000,4.733000
-0.459000,0.336000,0.656000,-2.298000,-11.237000,5.458000
-0.536000,0.382000,0.684000,1.511000,-11.176000,8.420000
-0.502000,0.380000,0.628000,0.221000,-13.725000,9.145000
-0.428000,0.345000,0.597000,0.748000,-13.962000,9.473000
-0.403000,0.364000,0.584000,0.321000,-12.649000,8.679000
-0.482000,0.385000,0.652000,-0.527000,-12.519000,7.313000
-0.630000,0.433000,0.771000,1.931000,-15.038000,9.588000
-0.746000,0.479000,0.840000,3.344000,-21.901000,14.725000
-0.812000,0.494000,0.915000,5.435000,-30.160000,20.664000
-0.909000,0.534000,0.979000,7.137000,-41.397000,28.046000
-0.850000,0.531000,0.907000,6.260000,-54.779000,34.351000
-0.675000,0.499000,0.782000,4.137000,-63.198000,36.389000
-0.594000,0.477000,0.746000,3.901000,-66.687000,38.038000
-0.594000,0.484000,0.749000,5.985000,-69.466000,42.252000
-0.577000,0.462000,0.719000,4.656000,-74.626000,45.107000
-0.440000,0.388000,0.632000,5.008000,-77.374000,46.611000
-0.372000,0.371000,0.657000,6.786000,-75.260000,46.336000
-0.493000,0.423000,0.780000,11.099000,-73.244000,48.672000
-0.689000,0.510000,0.871000,12.969000,-78.718000,53.664000
-0.670000,0.480000,0.806000,7.718000,-92.412000,57.153000
-0.457000,0.396000,0.715000,4.145000,-100.290000,56.534000
-0.345000,0.396000,0.701000,1.687000,-101.405000,53.389000
-0.275000,0.391000,0.583000,-0.168000,-101.405000,51.160000
-0.078000,0.358000,0.453000,-4.534000,-97.870000,46.076000
-0.081000,0.384000,0.498000,-4.290000,-90.885000,43.695000
-0.095000,0.436000,0.490000,-5.382000,-87.275000,42.481000
-0.047000,0.433000,0.454000,-9.298000,-82.725000,39.145000
-0.025000,0.413000,0.458000,-11.611000,-78.542000,36.947000
0.032000,0.404000,0.500000,-11.450000,-72.229000,34.985000
0.017000,0.399000,0.490000,-11.855000,-66.939000,33.863000
0.098000,0.354000,0.456000,-11.244000,-61.153000,32.260000
0.137000,0.354000,0.501000,-8.733000,-51.137000,30.008000
-0.018000,0.421000,0.657000,-4.618000,-43.939000,29.855000
-0.091000,0.421000,0.598000,-6.947000,-47.153000,31.580000
0.083000,0.381000,0.551000,-9.504000,-44.366000,28.496000
0.021000,0.376000,0.644000,-11.000000,-41.595000,26.076000
0.104000,0.350000,0.602000,-10.176000,-37.992000,23.191000
0.025000,0.390000,0.664000,-8.901000,-31.672000,20.092000
-0.059000,0.420000,0.672000,-11.076000,-34.466000,20.313000
0.055000,0.385000,0.640000,-12.771000,-33.397000,18.183000
0.009000,0.382000,0.705000,-11.435000,-32.023000,17.939000
0.026000,0.398000,0.668000,-12.214000,-32.527000,17.267000
0.060000,0.361000,0.687000,-10.313000,-28.763000,15.443000
-0.078000,0.427000,0.752000,-10.748000,-29.466000,15.527000
0.023000,0.384000,0.695000,-13.718000,-32.336000,14.023000
0.097000,0.337000,0.664000,-12.290000,-29.702000,11.992000
0.023000,0.369000,0.747000,-10.718000,-27.802000,10.588000
0.023000,0.378000,0.738000,-9.427000,-27.229000,10.267000
0.017000,0.381000,0.700000,-9.504000,-27.924000,9.718000
0.092000,0.362000,0.664000,-9.939000,-27.076000,8.550000
0.137000,0.345000,0.646000,-9.687000,-24.962000,6.504000
0.112000,0.363000,0.677000,-9.130000,-21.802000,4.870000
0.080000,0.401000,0.694000,-8.809000,-20.359000,4.313000
0.073000,0.401000,0.666000,-10.084000,-20.427000,4.023000
0.085000,0.392000,0.658000,-10.069000,-19.053000,4.244000
0.156000,0.372000,0.623000,-10.504000,-17.382000,3.985000
0.201000,0.347000,0.600000,-10.473000,-13.183000,2.870000
0.210000,0.324000,0.590000,-10.313000,-9.992000,1.344000
0.228000,0.314000,0.587000,-8.351000,-4.840000,0.115000
0.241000,0.315000,0.577000,-5.420000,1.328000,-0.588000
0.146000,0.364000,0.652000,-2.626000,6.679000,-0.221000
0.048000,0.443000,0.731000,0.160000,9.435000,1.137000
-0.064000,0.480000,0.815000,0.588000,7.588000,3.191000
-0.100000,0.491000,0.844000,-0.748000,4.107000,4.031000
-0.082000,0.464000,0.844000,-2.519000,-0.878000,5.275000
0.015000,0.394000,0.800000,-4.092000,-3.046000,3.855000
0.020000,0.359000,0.799000,-4.656000,-5.099000,2.115000
0.086000,0.329000,0.736000,-5.221000,-6.153000,0.137000
0.121000,0.314000,0.697000,-4.489000,-4.924000,-1.885000
0.148000,0.322000,0.663000,-4.588000,-3.542000,-3.626000
0.130000,0.334000,0.685000,-2.130000,0.053000,-4.802000
0.087000,0.387000,0.676000,-1.374000,1.023000,-4.664000
0.100000,0.404000,0.731000,0.878000,4.496000,-4.985000
-0.116000,0.518000,0.861000,1.275000,1.885000,-1.985000
-0.028000,0.472000,0.765000,-0.878000,-1.626000,-0.565000
0.022000,0.434000,0.768000,-0.237000,-1.374000,-0.626000
-0.010000,0.451000,0.818000,-0.634000,-2.664000,-0.382000
0.039000,0.402000,0.731000,-1.817000,-4.489000,-0.557000
0.044000,0.393000,0.751000,-1.489000,-3.992000,-1.618000
0.057000,0.390000,0.720000,-2.160000,-5.366000,-1.656000
0.116000,0.357000,0.672000,-2.771000,-4.252000,-3.076000
0.167000,0.344000,0.622000,-3.038000,-2.053000,-4.206000
0.211000,0.326000,0.591000,-2.924000,1.656000,-6.046000
0.208000,0.376000,0.667000,2.275000,9.733000,-7.183000
-0.229000,0.571000,0.920000,3.397000,5.221000,-2.366000
-0.155000,0.557000,0.809000,-1.519000,-2.427000,0.344000
-0.031000,0.472000,0.803000,-2.053000,-5.061000,1.496000
0.089000,0.422000,0.751000,-3.321000,-5.504000,0.527000
0.056000,0.418000,0.756000,-1.427000,-2.366000,-0.099000
-0.006000,0.446000,0.751000,-3.076000,-4.641000,-0.183000
0.017000,0.416000,0.730000,-4.534000,-6.145000,0.023000
0.109000,0.406000,0.692000,-4.870000,-5.840000,-0.221000
0.150000,0.369000,0.639000,-4.802000,-3.305000,-0.779000
0.222000,0.358000,0.582000,-4.435000,0.756000,-1.985000
0.168000,0.394000,0.654000,-1.748000,6.275000,-2.527000
-0.009000,0.494000,0.740000,-2.527000,5.573000,-0.321000
0.024000,0.472000,0.705000,-3.336000,4.855000,1.534000
0.038000,0.439000,0.742000,-3.519000,4.198000,2.580000
