-0.254000,-0.025000,0.859000,-5.435000,0.962000,-0.534000
-0.276000,-0.026000,0.901000,-5.878000,0.931000,-0.504000
-0.347000,-0.063000,0.979000,-4.389000,-0.511000,0.046000
-0.351000,-0.103000,0.952000,-0.038000,-5.107000,0.969000
-0.404000,-0.083000,1.032000,9.115000,-8.931000,1.977000
-0.401000,-0.144000,1.002000,11.679000,-14.466000,4.198000
-0.455000,-0.142000,1.159000,24.260000,-21.183000,7.061000
-0.498000,-0.253000,1.308000,26.313000,-35.389000,3.206000
-0.700000,0.098000,1.632000,52.145000,-46.122000,12.351000
-1.166000,0.313000,2.000000,4.855000,-87.160000,5.603000
-0.690000,-0.071000,1.335000,18.786000,-106.565000,4.511000
-0.522000,0.367000,1.139000,12.397000,-117.053000,8.084000
-0.309000,0.185000,0.979000,-3.939000,-118.023000,5.931000
-0.102000,-0.047000,0.831000,-4.061000,-107.740000,1.550000
-0.346000,0.030000,1.018000,6.573000,-113.519000,7.756000
-0.043000,-0.016000,0.610000,0.977000,-110.985000,8.176000
0.128000,-0.131000,0.416000,-2.069000,-100.954000,4.206000
0.236000,-0.144000,0.385000,2.718000,-86.511000,0.397000
0.107000,-0.069000,0.639000,5.405000,-76.115000,-2.344000
0.022000,-0.005000,0.666000,7.840000,-74.435000,-0.527000
0.107000,0.030000,0.565000,7.573000,-67.344000,-1.267000
0.023000,0.053000,0.768000,10.679000,-62.824000,-0.053000
0.066000,0.100000,0.697000,14.084000,-60.710000,3.603000
0.106000,0.114000,0.682000,9.725000,-53.740000,3.756000
0.025000,0.095000,0.820000,9.244000,-51.450000,4.580000
0.052000,0.087000,0.792000,10.229000,-48.763000,5.992000
0.128000,0.075000,0.625000,7.099000,-44.550000,6.786000
0.182000,0.026000,0.635000,3.328000,-36.656000,5.145000
0.161000,-0.013000,0.707000,2.366000,-32.321000,3.344000
0.132000,0.004000,0.771000,1.145000,-29.168000,1.252000
0.115000,0.012000,0.749000,0.191000,-26.481000,-0.160000
0.076000,0.019000,0.758000,0.206000,-24.626000,-0.641000
0.127000,0.014000,0.759000,1.046000,-20.763000,-1.702000
0.109000,0.008000,0.841000,1.794000,-18.519000,-2.351000
0.050000,0.037000,0.895000,2.557000,-19.046000,-2.351000
0.095000,0.057000,0.855000,2.496000,-17.824000,-2.832000
0.068000,0.070000,0.873000,1.374000,-18.550000,-2.824000
0.092000,0.075000,0.818000,0.107000,-16.954000,-3.084000
0.152000,0.098000,0.784000,-0.275000,-13.878000,-3.015000
0.126000,0.094000,0.801000,-1.023000,-11.305000,-2.412000
0.139000,0.109000,0.767000,-1.618000,-8.779000,-1.557000
0.137000,0.110000,0.759000,-1.931000,-6.695000,-0.718000
0.142000,0.092000,0.776000,-1.840000,-3.985000,-0.099000
0.137000,0.097000,0.793000,-2.473000,-2.412000,0.710000
0.108000,0.092000,0.829000,-3.695000,-1.824000,0.695000
0.133000,0.063000,0.802000,-4.969000,-0.115000,0.374000
0.083000,0.073000,0.897000,-4.725000,0.504000,0.313000
0.066000,0.061000,0.908000,-6.313000,-0.198000,0.023000
0.050000,0.062000,0.922000,-5.687000,-0.901000,-0.214000
0.065000,0.075000,0.897000,-6.305000,-1.313000,-0.534000
0.098000,0.050000,0.864000,-7.237000,-0.412000,-0.702000
0.099000,0.064000,0.883000,-6.000000,-0.405000,-0.489000
0.121000,0.074000,0.810000,-6.504000,0.954000,0.008000
0.114000,0.082000,0.828000,-7.771000,1.763000,0.313000
0.134000,0.074000,0.804000,-8.084000,3.389000,0.336000
0.094000,0.071000,0.858000,-7.443000,5.015000,0.565000
0.074000,0.081000,0.878000,-7.092000,4.427000,1.191000
0.067000,0.045000,0.917000,-8.176000,4.061000,0.687000
0.031000,0.044000,0.994000,-7.366000,2.557000,0.069000
0.024000,0.017000,0.991000,-6.847000,-0.298000,-0.198000
0.036000,0.032000,0.946000,-7.092000,-1.466000,-1.084000
0.083000,0.016000,0.911000,-6.412000,-1.695000,-1.916000
0.090000,0.036000,0.888000,-6.412000,-1.550000,-2.687000
0.115000,0.047000,0.815000,-6.718000,-0.435000,-2.786000
0.137000,0.057000,0.784000,-6.084000,1.427000,-2.786000
0.130000,0.087000,0.810000,-6.870000,3.214000,-2.382000
0.113000,0.096000,0.846000,-5.084000,4.359000,-1.641000
0.055000,0.104000,0.927000,-4.786000,4.191000,-0.527000
0.045000,0.094000,0.928000,-5.008000,2.473000,0.305000
0.044000,0.079000,0.944000,-5.176000,1.771000,0.626000
0.018000,0.044000,1.008000,-6.107000,-0.595000,0.183000
0.050000,0.027000,0.932000,-5.779000,-1.740000,-0.763000
0.058000,0.020000,0.937000,-5.748000,-2.313000,-1.573000
0.110000,0.036000,0.848000,-6.137000,-2.443000,-2.221000
0.116000,0.040000,0.816000,-5.779000,-0.504000,-2.725000
0.108000,0.071000,0.840000,-6.336000,-0.061000,-2.710000
0.121000,0.079000,0.796000,-6.359000,1.397000,-2.420000
0.124000,0.097000,0.842000,-5.458000,2.992000,-1.374000
0.094000,0.117000,0.854000,-4.840000,3.542000,-0.115000
0.078000,0.105000,0.888000,-5.412000,3.496000,0.595000
0.035000,0.084000,0.953000,-6.145000,2.664000,1.092000
0.054000,0.052000,0.936000,-6.504000,1.221000,0.908000
0.042000,0.038000,0.953000,-5.756000,0.618000,0.336000
0.058000,0.017000,0.925000,-6.153000,-0.855000,-0.595000
0.076000,-0.003000,0.902000,-7.031000,-0.908000,-1.809000
0.100000,-0.001000,0.886000,-6.107000,-0.824000,-2.702000
0.103000,0.036000,0.834000,-6.244000,-0.389000,-3.534000
0.113000,0.059000,0.834000,-5.481000,1.191000,-3.191000
0.124000,0.087000,0.826000,-4.985000,2.710000,-2.679000
0.079000,0.107000,0.901000,-5.130000,3.290000,-1.725000
0.067000,0.107000,0.889000,-5.450000,2.313000,-0.580000
0.067000,0.096000,0.901000,-4.870000,2.718000,0.229000
0.049000,0.085000,0.932000,-5.458000,1.412000,0.863000
0.071000,0.060000,0.890000,-5.504000,1.420000,0.878000
0.066000,0.042000,0.932000,-6.748000,0.939000,0.397000
0.070000,0.028000,0.901000,-6.901000,0.206000,-0.687000
0.096000,0.033000,0.861000,-7.496000,0.763000,-1.153000
0.106000,0.038000,0.854000,-7.031000,1.557000,-1.626000
0.110000,0.064000,0.825000,-6.405000,2.672000,-1.573000
0.109000,0.077000,0.843000,-6.115000,3.962000,-1.046000
