-0.254000,-0.024000,0.858000,-5.885000,1.107000,-0.412000
-0.260000,-0.025000,0.860000,-5.099000,0.840000,-0.389000
-0.261000,-0.020000,0.855000,-5.168000,0.321000,-0.252000
-0.253000,-0.017000,0.870000,-5.229000,0.061000,-0.137000
-0.260000,-0.018000,0.866000,-4.809000,-0.115000,-0.053000
-0.260000,-0.024000,0.860000,-4.863000,-0.229000,0.260000
-0.272000,-0.038000,0.891000,-4.427000,-0.198000,0.015000
-0.410000,-0.113000,1.086000,-0.573000,-2.977000,-0.481000
-0.572000,-0.207000,1.283000,8.466000,-11.763000,-0.214000
-0.735000,-0.348000,1.438000,25.084000,-28.137000,2.763000
-0.675000,-0.100000,1.413000,54.130000,-47.756000,14.435000
-0.915000,0.313000,1.708000,18.885000,-72.756000,5.298000
-0.627000,0.003000,1.253000,19.809000,-85.954000,2.458000
-0.448000,0.346000,1.102000,16.855000,-94.977000,3.328000
-0.511000,0.292000,1.212000,8.107000,-98.435000,10.107000
-0.368000,0.099000,1.051000,-4.695000,-108.557000,6.038000
-0.164000,-0.101000,0.752000,-6.466000,-102.603000,2.794000
-0.083000,-0.091000,0.777000,4.656000,-100.466000,4.122000
-0.152000,0.014000,0.863000,4.298000,-96.504000,4.977000
-0.087000,-0.108000,0.819000,5.977000,-94.985000,3.824000
-0.192000,-0.084000,0.911000,13.527000,-94.863000,4.038000
-0.088000,-0.037000,0.746000,12.183000,-96.481000,3.031000
0.052000,-0.062000,0.606000,10.359000,-90.221000,0.634000
0.112000,-0.039000,0.648000,14.389000,-83.137000,-0.191000
0.044000,0.051000,0.733000,19.389000,-77.443000,3.321000
0.146000,0.111000,0.522000,16.969000,-73.786000,5.191000
0.260000,0.085000,0.396000,8.153000,-62.412000,2.603000
0.233000,0.069000,0.572000,8.672000,-51.679000,1.458000
0.148000,0.107000,0.636000,5.351000,-47.710000,2.191000
0.238000,0.060000,0.498000,2.679000,-40.496000,1.794000
0.181000,0.070000,0.653000,2.763000,-32.893000,1.153000
0.103000,0.045000,0.815000,2.221000,-29.863000,1.061000
0.080000,0.038000,0.794000,2.840000,-29.901000,1.359000
0.128000,0.014000,0.726000,0.305000,-26.771000,0.557000
0.103000,0.015000,0.806000,0.580000,-22.656000,-0.427000
0.138000,0.023000,0.758000,-0.664000,-19.878000,-1.489000
0.167000,0.020000,0.750000,0.580000,-15.458000,-2.008000
0.170000,0.061000,0.716000,0.954000,-11.802000,-1.939000
0.172000,0.073000,0.720000,1.267000,-7.221000,-1.557000
0.178000,0.091000,0.696000,0.855000,-4.023000,-0.679000
0.130000,0.094000,0.825000,-2.183000,-1.366000,-1.038000
0.029000,0.094000,0.941000,-2.237000,-4.038000,-0.939000
0.038000,0.113000,0.885000,-4.137000,-3.603000,-0.557000
0.067000,0.088000,0.941000,-2.145000,-2.947000,0.473000
-0.009000,0.088000,1.026000,-1.290000,-5.649000,2.412000
0.069000,0.072000,0.862000,-2.420000,-6.160000,2.573000
0.107000,0.028000,0.856000,-3.267000,-4.992000,1.153000
0.097000,0.044000,0.863000,-4.985000,-4.939000,0.038000
0.183000,0.015000,0.686000,-7.351000,-2.473000,-1.458000
0.180000,0.061000,0.737000,-7.198000,1.366000,-2.542000
0.162000,0.080000,0.752000,-6.664000,3.527000,-1.878000
0.112000,0.120000,0.808000,-4.893000,6.084000,-0.679000
0.086000,0.132000,0.873000,-3.130000,7.122000,1.916000
0.039000,0.125000,0.960000,-3.870000,5.725000,2.924000
0.014000,0.096000,0.973000,-5.099000,4.038000,3.282000
0.008000,0.061000,1.004000,-5.427000,1.924000,3.206000
0.013000,0.031000,1.003000,-5.130000,-0.763000,2.794000
0.037000,0.017000,0.945000,-5.511000,-2.366000,1.863000
0.089000,-0.003000,0.872000,-5.267000,-2.038000,0.374000
0.114000,0.010000,0.836000,-6.527000,-1.534000,-0.977000
0.144000,0.028000,0.780000,-6.954000,0.702000,-2.015000
0.159000,0.057000,0.766000,-7.061000,3.550000,-2.328000
0.105000,0.086000,0.846000,-6.069000,4.389000,-1.389000
0.095000,0.100000,0.843000,-5.260000,5.412000,-0.366000
0.041000,0.116000,0.918000,-3.710000,4.763000,1.092000
0.033000,0.092000,0.943000,-3.496000,3.779000,2.107000
-0.007000,0.062000,1.037000,-3.908000,1.511000,2.260000
0.010000,0.025000,0.993000,-4.664000,-1.824000,1.351000
0.052000,-0.007000,0.941000,-5.496000,-2.580000,-0.191000
0.073000,-0.009000,0.910000,-5.504000,-3.573000,-1.847000
0.115000,0.012000,0.837000,-5.580000,-2.855000,-3.244000
0.121000,0.052000,0.821000,-5.244000,-0.924000,-3.802000
0.123000,0.090000,0.806000,-5.031000,0.710000,-3.328000
0.125000,0.120000,0.786000,-6.443000,2.099000,-2.664000
0.116000,0.116000,0.838000,-5.282000,3.786000,-1.580000
0.074000,0.135000,0.881000,-5.885000,3.786000,-0.092000
0.055000,0.125000,0.906000,-4.855000,4.176000,1.298000
0.039000,0.120000,0.927000,-4.275000,3.313000,2.855000
0.039000,0.073000,0.943000,-5.191000,2.015000,3.313000
0.043000,0.048000,0.942000,-5.702000,0.924000,2.718000
0.062000,0.024000,0.920000,-6.076000,0.435000,1.603000
0.077000,0.020000,0.891000,-6.206000,0.000000,0.397000
0.091000,0.032000,0.853000,-6.191000,0.412000,-0.374000
0.092000,0.054000,0.856000,-5.794000,1.366000,-0.588000
0.112000,0.078000,0.820000,-6.420000,2.321000,-0.916000
0.102000,0.094000,0.855000,-5.985000,3.397000,-0.252000
0.062000,0.110000,0.899000,-5.435000,3.595000,0.802000
0.039000,0.097000,0.935000,-6.443000,1.832000,1.282000
0.064000,0.073000,0.896000,-6.580000,1.794000,1.130000
0.052000,0.054000,0.937000,-7.137000,1.260000,1.069000
0.078000,0.036000,0.887000,-7.595000,1.023000,0.504000
0.078000,0.025000,0.895000,-7.496000,1.206000,-0.374000
0.066000,0.023000,0.904000,-7.519000,0.779000,-1.366000
0.067000,0.029000,0.887000,-6.305000,0.511000,-1.969000
0.087000,0.050000,0.879000,-6.107000,0.496000,-2.069000
0.089000,0.067000,0.866000,-5.954000,1.328000,-2.130000
0.080000,0.079000,0.871000,-6.229000,1.527000,-1.771000
0.081000,0.084000,0.874000,-6.008000,1.847000,-1.427000
0.074000,0.072000,0.889000,-6.718000,1.954000,-1.397000
0.048000,0.068000,0.919000,-6.298000,1.603000,-1.359000
0.061000,0.070000,0.889000,-6.229000,1.275000,-0.771000
