-0.480000,0.366000,0.583000,-3.130000,-0.771000,1.076000
-0.480000,0.369000,0.582000,-3.160000,-0.679000,0.702000
-0.523000,0.383000,0.599000,-3.969000,-1.336000,1.000000
-0.506000,0.374000,0.595000,-4.771000,-2.618000,0.985000
-0.485000,0.373000,0.587000,-4.916000,-2.885000,0.977000
-0.522000,0.395000,0.611000,-6.824000,-3.870000,0.603000
-0.582000,0.401000,0.648000,-7.672000,-6.756000,1.588000
-0.540000,0.397000,0.609000,-8.824000,-10.069000,2.908000
-0.479000,0.371000,0.568000,-8.405000,-10.282000,2.977000
-0.469000,0.375000,0.587000,-10.031000,-10.489000,2.130000
-0.527000,0.344000,0.657000,-6.916000,-9.565000,3.107000
-0.592000,0.380000,0.680000,-5.092000,-11.939000,5.092000
-0.564000,0.400000,0.636000,-6.061000,-16.336000,6.832000
-0.495000,0.375000,0.612000,-6.305000,-17.527000,7.649000
-0.522000,0.361000,0.670000,-3.771000,-16.260000,8.427000
-0.626000,0.373000,0.781000,-4.015000,-19.924000,7.748000
-0.948000,0.456000,1.038000,4.649000,-26.275000,16.061000
-1.110000,0.590000,1.073000,5.267000,-44.282000,25.779000
-1.065000,0.520000,1.013000,5.305000,-64.214000,34.985000
-0.855000,0.508000,0.842000,6.076000,-79.115000,43.214000
-0.534000,0.447000,0.620000,1.176000,-85.695000,43.985000
-0.213000,0.359000,0.410000,-4.023000,-82.206000,38.779000
-0.179000,0.353000,0.436000,-3.450000,-72.046000,33.832000
-0.336000,0.426000,0.531000,-5.443000,-67.382000,32.359000
-0.419000,0.438000,0.618000,-8.550000,-68.565000,31.679000
-0.492000,0.444000,0.736000,-9.160000,-69.641000,31.137000
-0.665000,0.491000,0.866000,-7.870000,-74.992000,34.336000
-0.730000,0.502000,0.977000,-2.580000,-80.901000,39.878000
-0.812000,0.551000,0.919000,-1.817000,-92.267000,48.450000
-0.474000,0.415000,0.693000,-6.603000,-103.145000,50.137000
-0.316000,0.341000,0.695000,-4.885000,-99.985000,47.702000
-0.322000,0.366000,0.623000,-3.115000,-99.626000,48.237000
-0.066000,0.331000,0.369000,-8.710000,-97.618000,43.061000
0.062000,0.284000,0.385000,-13.863000,-89.023000,34.519000
-0.011000,0.326000,0.496000,-12.389000,-80.153000,30.008000
-0.047000,0.396000,0.468000,-13.107000,-74.679000,28.855000
0.021000,0.342000,0.403000,-13.000000,-68.046000,27.985000
-0.002000,0.388000,0.496000,-10.847000,-59.244000,28.183000
-0.078000,0.415000,0.648000,-6.725000,-51.977000,29.412000
-0.265000,0.465000,0.736000,-3.252000,-50.557000,34.183000
-0.222000,0.433000,0.731000,-3.183000,-53.382000,36.542000
-0.107000,0.377000,0.622000,-5.885000,-55.366000,36.603000
0.053000,0.295000,0.567000,-6.695000,-51.534000,32.916000
0.130000,0.232000,0.557000,-6.168000,-45.542000,28.710000
0.116000,0.230000,0.575000,-5.878000,-39.672000,23.214000
0.055000,0.234000,0.604000,-5.511000,-36.649000,19.244000
0.111000,0.237000,0.555000,-5.313000,-33.855000,15.412000
0.115000,0.247000,0.585000,-4.672000,-28.649000,11.382000
0.088000,0.286000,0.613000,-3.015000,-23.695000,8.931000
0.043000,0.314000,0.658000,-2.305000,-20.924000,6.954000
-0.051000,0.383000,0.705000,-2.252000,-19.565000,6.031000
-0.036000,0.393000,0.662000,-4.145000,-20.969000,5.099000
0.039000,0.385000,0.610000,-4.756000,-18.977000,4.176000
0.047000,0.400000,0.634000,-5.313000,-16.237000,3.947000
0.053000,0.402000,0.637000,-4.901000,-12.160000,3.290000
0.042000,0.404000,0.612000,-5.450000,-10.534000,4.160000
0.094000,0.386000,0.599000,-7.076000,-7.328000,2.817000
0.069000,0.368000,0.624000,-7.672000,-5.206000,2.359000
0.099000,0.346000,0.629000,-7.458000,-1.260000,0.603000
-0.054000,0.407000,0.764000,-5.496000,1.695000,0.275000
-0.108000,0.427000,0.751000,-6.511000,-1.267000,1.550000
-0.068000,0.402000,0.736000,-6.229000,-1.130000,1.634000
-0.049000,0.406000,0.758000,-5.046000,-1.214000,1.817000
-0.053000,0.398000,0.761000,-4.198000,-1.618000,2.252000
-0.061000,0.412000,0.744000,-4.282000,-2.053000,2.313000
-0.061000,0.410000,0.744000,-4.725000,-2.420000,1.992000
-0.021000,0.403000,0.721000,-4.870000,-3.206000,2.382000
0.017000,0.371000,0.682000,-5.641000,-2.168000,1.695000
0.057000,0.362000,0.652000,-5.687000,-0.366000,0.771000
0.079000,0.357000,0.637000,-4.565000,3.496000,-0.084000
0.034000,0.406000,0.661000,-3.779000,6.824000,-0.466000
-0.004000,0.420000,0.699000,-1.656000,9.282000,0.847000
-0.163000,0.502000,0.799000,-2.176000,8.221000,3.397000
-0.149000,0.479000,0.800000,-2.481000,5.450000,6.092000
-0.140000,0.455000,0.818000,-3.229000,3.137000,7.092000
-0.113000,0.419000,0.811000,-3.931000,0.588000,7.405000
-0.063000,0.379000,0.775000,-4.542000,-0.962000,6.542000
-0.049000,0.360000,0.772000,-4.771000,-1.832000,5.130000
-0.031000,0.348000,0.729000,-4.855000,-2.931000,3.748000
0.021000,0.329000,0.705000,-4.962000,-1.832000,2.191000
0.002000,0.337000,0.713000,-4.344000,-1.198000,1.107000
0.012000,0.348000,0.701000,-3.817000,0.443000,-0.450000
-0.049000,0.385000,0.745000,-3.115000,0.382000,-0.611000
-0.083000,0.418000,0.770000,-3.061000,0.313000,-0.588000
-0.076000,0.423000,0.765000,-3.305000,-1.420000,0.420000
-0.126000,0.440000,0.820000,-3.374000,-2.015000,0.427000
-0.079000,0.430000,0.754000,-4.122000,-4.885000,1.466000
-0.014000,0.378000,0.708000,-4.328000,-4.084000,0.756000
0.043000,0.372000,0.701000,-3.321000,-2.023000,0.069000
-0.093000,0.414000,0.798000,-2.214000,-1.290000,0.351000
-0.087000,0.423000,0.739000,-3.588000,-3.931000,1.137000
-0.033000,0.375000,0.740000,-3.573000,-3.947000,1.305000
0.050000,0.357000,0.668000,-3.924000,-2.969000,0.557000
0.116000,0.317000,0.598000,-3.221000,1.198000,-0.748000
0.110000,0.341000,0.643000,-1.588000,6.137000,-2.412000
-0.107000,0.434000,0.761000,-1.229000,6.206000,-1.405000
-0.071000,0.443000,0.719000,-2.901000,4.565000,-0.473000
-0.065000,0.419000,0.759000,-2.771000,3.847000,0.183000
0.003000,0.378000,0.718000,-3.214000,4.450000,-0.076000
0.034000,0.355000,0.707000,-1.977000,7.214000,-1.519000
-0.166000,0.432000,0.865000,-0.366000,6.664000,-1.397000
