-0.257000,-0.021000,0.859000,-5.397000,1.038000,-0.382000
-0.264000,-0.014000,0.863000,-5.328000,0.992000,-0.473000
-0.264000,-0.015000,0.860000,-5.863000,0.786000,-0.389000
-0.258000,-0.023000,0.856000,-5.496000,0.893000,-0.275000
-0.264000,-0.021000,0.861000,-5.389000,0.733000,-0.206000
-0.273000,-0.020000,0.890000,-6.198000,0.870000,-0.336000
-0.368000,-0.071000,0.998000,-4.786000,-1.328000,-0.076000
-0.414000,-0.138000,1.027000,1.580000,-7.794000,0.664000
-0.401000,-0.063000,0.997000,6.863000,-14.183000,3.023000
-0.386000,-0.140000,1.037000,13.588000,-18.290000,4.901000
-0.665000,-0.253000,1.496000,22.939000,-30.634000,4.534000
-0.741000,-0.266000,1.582000,45.496000,-51.046000,7.130000
-1.010000,0.341000,1.746000,21.847000,-81.542000,5.489000
-0.534000,0.059000,1.107000,13.939000,-89.817000,0.634000
-0.385000,0.335000,1.028000,21.130000,-96.931000,3.015000
-0.285000,0.341000,0.838000,1.344000,-95.053000,8.282000
-0.111000,0.096000,0.801000,-7.046000,-92.229000,3.573000
-0.095000,-0.027000,0.693000,-8.137000,-86.740000,3.939000
-0.057000,-0.067000,0.744000,-4.137000,-81.565000,3.748000
-0.117000,-0.073000,0.829000,-2.015000,-80.351000,3.015000
-0.089000,-0.090000,0.796000,0.023000,-78.107000,1.275000
-0.083000,-0.104000,0.766000,4.649000,-75.580000,0.336000
-0.041000,-0.043000,0.789000,5.664000,-72.618000,-0.863000
-0.090000,-0.058000,0.842000,6.840000,-71.481000,-1.939000
-0.016000,-0.001000,0.778000,8.656000,-70.336000,-2.160000
-0.056000,0.042000,0.835000,5.908000,-68.069000,-3.130000
0.010000,0.039000,0.731000,5.015000,-66.756000,-3.115000
0.093000,0.092000,0.641000,4.649000,-59.824000,-1.496000
0.148000,0.097000,0.595000,5.359000,-52.794000,1.130000
0.068000,0.105000,0.799000,6.626000,-47.275000,2.863000
0.029000,0.095000,0.782000,6.656000,-47.145000,4.603000
0.099000,0.089000,0.711000,5.221000,-42.977000,4.573000
0.033000,0.046000,0.837000,3.954000,-41.405000,4.435000
0.100000,0.025000,0.777000,3.015000,-38.718000,3.328000
0.063000,0.010000,0.815000,3.038000,-36.580000,2.550000
0.093000,0.032000,0.813000,3.687000,-33.511000,2.282000
0.094000,0.031000,0.796000,4.740000,-31.954000,2.618000
0.104000,0.021000,0.792000,3.336000,-28.992000,1.672000
0.105000,0.006000,0.796000,3.206000,-27.267000,0.740000
0.137000,0.007000,0.770000,3.870000,-24.336000,-0.565000
0.119000,0.043000,0.767000,3.275000,-22.344000,-1.168000
0.147000,0.054000,0.751000,2.481000,-19.305000,-2.031000
0.149000,0.058000,0.734000,1.504000,-16.908000,-1.748000
0.131000,0.065000,0.804000,0.802000,-13.733000,-1.863000
0.089000,0.071000,0.799000,-0.244000,-13.229000,-1.649000
0.115000,0.073000,0.812000,-0.092000,-10.542000,-1.511000
0.114000,0.083000,0.834000,-2.427000,-9.618000,-1.176000
0.117000,0.062000,0.816000,-2.053000,-7.992000,-1.878000
0.151000,0.070000,0.782000,-2.534000,-5.557000,-1.740000
0.107000,0.101000,0.835000,-2.992000,-4.107000,-0.718000
0.138000,0.104000,0.788000,-3.786000,-2.099000,-0.267000
0.152000,0.095000,0.760000,-5.580000,-0.015000,0.168000
0.129000,0.089000,0.825000,-5.466000,1.863000,0.351000
0.087000,0.090000,0.878000,-4.229000,2.405000,1.489000
0.073000,0.087000,0.876000,-4.748000,1.916000,2.275000
0.075000,0.047000,0.931000,-5.344000,1.588000,1.748000
0.059000,0.036000,0.927000,-5.840000,0.229000,1.084000
0.070000,0.023000,0.923000,-7.237000,-0.107000,-0.260000
0.076000,0.039000,0.902000,-7.069000,-0.290000,-0.679000
0.108000,0.030000,0.846000,-7.290000,0.557000,-1.511000
0.128000,0.060000,0.824000,-6.275000,1.931000,-1.290000
0.124000,0.079000,0.830000,-5.649000,3.443000,-0.916000
0.105000,0.100000,0.849000,-6.046000,3.908000,0.023000
0.101000,0.087000,0.845000,-5.336000,4.771000,0.740000
0.096000,0.086000,0.894000,-5.824000,5.527000,1.443000
0.041000,0.074000,0.944000,-4.893000,4.282000,1.977000
0.033000,0.075000,0.942000,-5.260000,2.595000,2.328000
0.045000,0.042000,0.942000,-5.305000,1.420000,1.969000
0.068000,0.024000,0.930000,-5.229000,0.695000,1.275000
0.074000,0.013000,0.895000,-5.412000,0.527000,0.450000
0.094000,0.008000,0.868000,-6.336000,0.725000,-0.870000
0.104000,0.023000,0.860000,-5.863000,1.130000,-1.802000
0.107000,0.042000,0.838000,-5.740000,1.687000,-2.435000
0.127000,0.058000,0.825000,-5.985000,3.435000,-2.618000
0.101000,0.089000,0.859000,-5.840000,4.489000,-2.183000
0.093000,0.110000,0.865000,-5.359000,4.992000,-0.885000
0.041000,0.115000,0.954000,-5.122000,4.176000,0.351000
0.044000,0.101000,0.925000,-5.412000,2.534000,1.244000
0.050000,0.067000,0.918000,-5.069000,2.176000,1.252000
0.064000,0.044000,0.922000,-5.168000,1.565000,1.122000
0.076000,0.030000,0.890000,-5.321000,1.756000,0.496000
0.064000,0.025000,0.903000,-5.695000,1.107000,-0.252000
0.080000,0.038000,0.867000,-5.885000,1.069000,-1.061000
0.093000,0.048000,0.864000,-5.779000,1.206000,-1.573000
0.101000,0.062000,0.844000,-5.962000,2.229000,-1.435000
0.099000,0.073000,0.854000,-5.534000,3.092000,-0.954000
0.083000,0.084000,0.874000,-5.366000,3.450000,-0.634000
0.069000,0.080000,0.896000,-5.679000,3.321000,-0.107000
0.053000,0.066000,0.917000,-5.267000,2.489000,-0.008000
0.050000,0.060000,0.923000,-5.298000,1.656000,-0.115000
0.056000,0.054000,0.924000,-5.550000,1.260000,-0.298000
0.066000,0.038000,0.926000,-5.824000,0.099000,-0.786000
0.065000,0.034000,0.906000,-5.641000,-0.260000,-1.321000
0.087000,0.033000,0.884000,-5.870000,-0.275000,-1.947000
0.088000,0.054000,0.863000,-5.634000,0.214000,-2.122000
0.102000,0.068000,0.838000,-6.191000,1.000000,-2.351000
0.106000,0.094000,0.834000,-5.672000,1.924000,-1.435000
0.094000,0.096000,0.868000,-5.679000,2.725000,-0.634000
0.092000,0.097000,0.854000,-5.595000,3.168000,0.313000
0.071000,0.082000,0.908000,-5.214000,3.351000,0.924000
