0.677000,-0.539000,-0.600000,-12.489000,0.779000,-0.183000
0.667000,-0.506000,-0.572000,-9.664000,0.702000,1.038000
0.665000,-0.562000,-0.587000,-10.244000,1.374000,2.122000
0.691000,-0.620000,-0.614000,-16.550000,1.160000,-3.420000
0.700000,-0.575000,-0.584000,-17.817000,1.282000,-6.504000
0.656000,-0.537000,-0.557000,-15.206000,0.824000,-5.725000
0.678000,-0.512000,-0.604000,-11.038000,2.168000,-4.137000
0.659000,-0.501000,-0.595000,-7.511000,4.916000,-0.656000
0.647000,-0.531000,-0.588000,-8.122000,5.344000,-0.061000
0.664000,-0.566000,-0.576000,-12.122000,4.092000,-2.626000
0.661000,-0.558000,-0.524000,-14.351000,0.275000,-6.107000
0.670000,-0.498000,-0.558000,-9.756000,0.977000,-5.481000
0.673000,-0.528000,-0.577000,-9.634000,1.786000,-4.763000
0.690000,-0.535000,-0.570000,-9.924000,3.038000,-6.336000
0.658000,-0.514000,-0.504000,-8.885000,0.672000,-6.534000
0.674000,-0.503000,-0.504000,-8.672000,-3.924000,-6.718000
0.672000,-0.455000,-0.568000,-7.954000,-3.954000,-4.321000
0.678000,-0.461000,-0.621000,-10.870000,-2.305000,-1.664000
0.701000,-0.455000,-0.666000,-13.695000,2.565000,0.824000
0.693000,-0.511000,-0.614000,-14.336000,5.115000,1.847000
0.684000,-0.521000,-0.571000,-14.489000,2.916000,1.313000
0.690000,-0.518000,-0.588000,-13.969000,2.153000,2.061000
0.715000,-0.540000,-0.589000,-13.084000,2.214000,1.359000
0.715000,-0.557000,-0.577000,-11.221000,1.908000,-0.901000
0.685000,-0.582000,-0.564000,-11.023000,0.962000,-3.099000
0.692000,-0.573000,-0.570000,-10.305000,-1.237000,-5.282000
0.661000,-0.505000,-0.637000,-10.931000,-0.198000,-4.458000
0.646000,-0.448000,-0.729000,-17.618000,4.504000,0.794000
0.676000,-0.474000,-0.720000,-29.069000,9.634000,4.275000
0.661000,-0.427000,-0.784000,-51.710000,12.580000,8.275000
0.725000,-0.589000,-1.077000,-60.168000,33.649000,14.275000
0.754000,-0.753000,-1.163000,-73.221000,68.550000,9.695000
0.697000,-0.926000,-0.838000,-85.130000,85.847000,-6.885000
0.723000,-0.757000,-0.552000,-86.779000,87.130000,-19.649000
0.366000,-1.478000,0.553000,-84.611000,-153.695000,-23.328000
0.979000,-0.198000,-1.003000,5.527000,-116.275000,-55.359000
0.809000,0.209000,-1.725000,10.656000,-34.824000,-3.053000
0.742000,-0.372000,-1.207000,-5.115000,29.267000,16.580000
0.858000,-0.792000,-0.860000,-5.511000,38.275000,-2.702000
0.604000,-0.758000,-0.990000,5.069000,64.824000,-18.809000
0.539000,-0.685000,-0.707000,28.580000,84.718000,-22.870000
0.642000,-0.505000,0.186000,41.130000,57.649000,-25.130000
0.659000,-0.533000,0.464000,33.756000,-26.947000,-31.115000
0.536000,-0.426000,-0.338000,29.603000,-66.763000,-32.397000
0.558000,-0.288000,-0.931000,15.053000,-56.458000,-18.198000
0.745000,-0.518000,-1.350000,-14.840000,-25.115000,0.336000
0.834000,-0.666000,-1.135000,-42.076000,9.710000,-2.504000
0.540000,-0.302000,-0.803000,-54.962000,22.870000,19.420000
0.680000,-0.547000,-0.802000,-65.023000,34.015000,30.687000
0.710000,-0.578000,-0.700000,-60.427000,47.924000,28.107000
0.704000,-0.673000,-0.564000,-35.374000,49.832000,22.962000
0.426000,-0.757000,0.868000,-11.756000,-153.924000,54.565000
0.904000,-0.513000,-1.330000,29.466000,-110.580000,14.901000
0.760000,0.013000,-1.290000,18.947000,-42.595000,42.244000
0.737000,-0.649000,-0.864000,1.130000,-15.237000,40.611000
0.779000,-0.776000,-1.093000,-16.931000,8.855000,14.809000
0.558000,-1.098000,-1.521000,-41.573000,56.977000,-15.710000
0.729000,-0.570000,-0.806000,-41.649000,76.473000,-41.603000
0.714000,-0.311000,-0.258000,-30.992000,61.832000,-30.916000
0.586000,-0.486000,0.182000,-11.771000,5.115000,-21.802000
0.556000,-0.339000,-0.406000,39.069000,-23.756000,1.771000
0.705000,-0.493000,-0.912000,75.160000,-10.672000,25.481000
0.747000,-0.587000,-0.930000,86.916000,10.992000,31.679000
0.735000,-0.541000,-0.615000,85.298000,14.702000,33.206000
0.739000,-0.543000,-0.541000,79.496000,9.115000,32.168000
0.788000,-0.673000,-0.681000,50.550000,10.519000,19.038000
0.736000,-0.581000,-0.600000,13.511000,10.229000,1.053000
0.693000,-0.437000,-0.545000,-5.252000,8.611000,-0.061000
0.693000,-0.586000,-0.595000,-23.832000,9.817000,-0.031000
0.685000,-0.675000,-0.524000,-37.557000,10.076000,-7.038000
0.650000,-0.602000,-0.380000,-46.931000,4.092000,-11.710000
0.649000,-0.573000,-0.409000,-54.061000,-3.756000,-13.313000
0.662000,-0.633000,-0.505000,-61.786000,-7.023000,-16.046000
0.669000,-0.686000,-0.491000,-67.206000,-10.122000,-21.664000
0.672000,-0.673000,-0.542000,-64.824000,-11.634000,-24.427000
0.695000,-0.672000,-0.612000,-55.145000,-7.267000,-25.038000
0.675000,-0.634000,-0.578000,-38.473000,-1.618000,-23.634000
0.670000,-0.553000,-0.514000,-20.794000,0.046000,-18.687000
0.659000,-0.521000,-0.529000,-9.786000,-0.122000,-14.321000
0.679000,-0.476000,-0.562000,-3.145000,0.718000,-9.618000
0.641000,-0.415000,-0.562000,-2.031000,0.168000,-4.931000
0.655000,-0.437000,-0.579000,-6.214000,-2.855000,-1.084000
0.678000,-0.501000,-0.583000,-7.618000,-3.023000,-0.901000
0.678000,-0.500000,-0.594000,-6.733000,-2.153000,0.855000
0.683000,-0.504000,-0.610000,-4.748000,-0.366000,1.053000
0.668000,-0.504000,-0.558000,-3.313000,-1.496000,1.069000
0.665000,-0.486000,-0.580000,-2.763000,-2.305000,2.763000
0.676000,-0.522000,-0.569000,-1.328000,-2.870000,3.527000
0.693000,-0.513000,-0.594000,-3.450000,-2.977000,4.214000
0.676000,-0.503000,-0.589000,-1.588000,-4.183000,5.496000
0.685000,-0.475000,-0.634000,-1.893000,-2.382000,7.863000
0.692000,-0.586000,-0.617000,-8.656000,0.351000,5.420000
0.665000,-0.510000,-0.568000,-14.718000,-2.733000,3.771000
0.658000,-0.583000,-0.578000,-13.450000,-2.901000,3.863000
0.705000,-0.641000,-0.590000,-8.000000,-1.710000,0.168000
0.703000,-0.633000,-0.600000,-4.351000,0.412000,-4.229000
0.693000,-0.584000,-0.580000,-4.473000,0.458000,-7.389000
0.682000,-0.567000,-0.569000,-5.450000,0.260000,-8.412000
0.674000,-0.532000,-0.549000,-7.038000,-0.962000,-8.702000
0.683000,-0.471000,-0.577000,-8.916000,-1.252000,-5.603000
0.666000,-0.452000,-0.573000,-9.099000,-0.153000,-0.229000
