0.084000,0.948000,-0.075000,-9.664000,-7.160000,10.458000
0.103000,0.924000,-0.116000,-10.076000,-6.916000,7.542000
0.101000,0.958000,-0.109000,-9.954000,-4.626000,6.672000
0.101000,0.952000,-0.050000,-8.794000,-5.008000,6.672000
0.096000,0.933000,-0.033000,-9.145000,-8.137000,4.931000
0.095000,0.946000,-0.021000,-8.763000,-11.863000,3.634000
0.095000,0.949000,-0.048000,-3.847000,-13.786000,4.809000
0.097000,0.904000,-0.066000,-6.305000,-14.840000,1.710000
0.059000,0.977000,-0.040000,-11.802000,-16.962000,-0.672000
0.042000,1.023000,0.004000,-14.061000,-21.053000,1.374000
0.035000,1.007000,0.015000,-15.450000,-25.771000,2.489000
0.013000,1.007000,-0.003000,-20.336000,-33.405000,5.008000
0.052000,0.999000,-0.054000,-21.023000,-34.305000,6.840000
0.066000,0.919000,-0.075000,-21.542000,-33.695000,5.298000
0.081000,0.891000,-0.109000,-19.878000,-30.489000,1.160000
0.064000,0.900000,-0.125000,-17.924000,-27.237000,-0.992000
0.092000,0.913000,-0.113000,-14.626000,-23.008000,-2.641000
0.081000,0.930000,-0.119000,-13.313000,-20.855000,-6.336000
0.082000,0.979000,-0.156000,-14.229000,-17.603000,-8.336000
0.077000,1.005000,-0.131000,-11.771000,-13.786000,-7.374000
0.063000,1.028000,-0.101000,-11.771000,-11.924000,-6.168000
0.063000,1.048000,-0.101000,-8.595000,-10.687000,-2.809000
0.082000,1.029000,-0.153000,-6.656000,-7.435000,-0.046000
0.086000,1.022000,-0.172000,-5.008000,-1.634000,2.229000
0.111000,0.989000,-0.171000,-6.656000,3.023000,2.153000
0.077000,0.982000,-0.103000,-11.878000,5.603000,-1.221000
0.059000,1.013000,0.003000,-9.420000,3.344000,0.366000
0.059000,0.988000,0.001000,-6.290000,-0.977000,1.099000
0.073000,0.979000,-0.040000,-5.740000,-3.435000,1.023000
0.084000,0.952000,-0.048000,-8.824000,-4.214000,-0.779000
0.088000,0.961000,-0.062000,-10.275000,-3.206000,-1.740000
0.089000,0.967000,-0.042000,-5.023000,-1.496000,0.534000
0.091000,0.979000,-0.070000,-2.321000,-1.740000,2.443000
0.117000,0.956000,-0.125000,-5.725000,0.672000,1.267000
0.098000,0.967000,-0.075000,-6.519000,2.641000,0.977000
0.090000,0.979000,-0.022000,-4.168000,1.450000,2.779000
0.084000,0.961000,-0.045000,-4.962000,-0.321000,2.702000
0.084000,0.980000,-0.066000,-6.565000,0.290000,3.267000
0.117000,0.986000,-0.189000,-5.420000,6.504000,4.885000
0.189000,1.008000,-0.404000,-5.664000,24.412000,7.573000
0.137000,1.000000,-0.435000,-13.374000,50.611000,11.771000
0.154000,1.032000,-0.313000,-12.947000,72.947000,17.969000
0.027000,1.063000,0.062000,-7.634000,78.244000,26.519000
-0.691000,1.764000,3.014000,34.275000,-101.115000,88.000000
0.487000,1.045000,-0.688000,-33.450000,-82.718000,50.641000
0.068000,0.797000,-0.386000,-45.435000,-72.534000,26.870000
0.252000,0.740000,-0.442000,-40.901000,-45.985000,16.229000
0.250000,0.759000,-0.329000,-31.511000,-21.084000,4.870000
0.182000,0.875000,-0.153000,-22.855000,-9.145000,0.672000
0.155000,0.917000,-0.030000,-12.382000,-3.588000,-0.015000
0.185000,0.890000,-0.139000,-3.634000,4.260000,1.527000
0.186000,0.888000,-0.112000,-6.275000,10.611000,-4.748000
0.175000,0.955000,-0.163000,-14.641000,16.137000,-9.145000
0.154000,0.968000,-0.123000,-21.985000,22.168000,-13.725000
-0.008000,1.140000,0.402000,-15.389000,6.336000,-3.603000
0.000000,1.130000,0.584000,-0.153000,-36.855000,22.015000
0.095000,0.716000,0.220000,-3.573000,-64.107000,6.672000
0.121000,0.978000,-0.149000,-10.260000,-66.092000,0.504000
0.203000,0.928000,-0.471000,-10.427000,-43.969000,5.053000
0.285000,0.987000,-0.586000,-10.366000,-10.458000,2.351000
0.220000,0.987000,-0.676000,-29.053000,36.931000,9.618000
0.141000,1.143000,-0.225000,-28.840000,52.244000,17.542000
0.222000,1.048000,-0.411000,-35.206000,69.496000,30.412000
0.124000,1.112000,-0.077000,-29.130000,80.534000,38.305000
-0.333000,0.954000,0.496000,-29.191000,-74.779000,60.397000
0.249000,1.062000,0.005000,-18.748000,-62.824000,73.435000
0.348000,0.522000,-0.531000,-39.878000,-37.298000,39.985000
0.333000,0.687000,-0.406000,-37.053000,-8.061000,18.214000
0.227000,0.835000,-0.016000,-13.435000,4.595000,16.244000
0.227000,0.849000,0.038000,-11.466000,4.763000,8.183000
0.252000,0.786000,-0.081000,-22.290000,4.885000,-7.710000
0.280000,0.797000,-0.173000,-17.847000,17.344000,-19.740000
0.264000,0.840000,-0.229000,-6.763000,35.985000,-22.427000
0.210000,0.916000,-0.131000,3.802000,49.145000,-21.023000
0.048000,1.106000,0.356000,11.618000,44.947000,-14.290000
0.016000,1.176000,0.702000,14.137000,0.534000,10.473000
0.126000,0.643000,0.440000,11.573000,-39.038000,-3.267000
0.131000,0.881000,0.073000,16.168000,-50.168000,-14.977000
0.192000,1.003000,-0.319000,16.290000,-38.473000,-9.359000
0.225000,0.914000,-0.359000,10.947000,-11.939000,-8.321000
0.185000,0.968000,-0.161000,11.786000,3.053000,-6.427000
0.144000,1.043000,-0.063000,16.519000,7.176000,-0.504000
0.141000,1.044000,-0.084000,13.679000,8.244000,4.137000
0.152000,0.953000,-0.074000,7.634000,9.237000,2.489000
0.159000,0.933000,-0.055000,5.863000,9.725000,-1.740000
0.145000,0.974000,-0.056000,6.702000,10.214000,-2.382000
0.141000,0.976000,-0.031000,8.153000,10.534000,-0.565000
0.132000,0.994000,0.002000,8.718000,8.519000,-0.702000
0.148000,0.967000,-0.008000,7.450000,4.458000,-2.000000
0.149000,0.965000,-0.014000,2.840000,1.649000,-5.634000
0.142000,1.011000,-0.047000,-0.641000,1.008000,-6.183000
0.134000,1.056000,-0.044000,-3.664000,0.977000,-4.153000
0.155000,0.988000,-0.061000,-6.351000,0.366000,-2.534000
0.158000,0.964000,-0.027000,-9.053000,0.809000,-5.359000
0.164000,0.983000,-0.013000,-9.038000,-1.130000,-5.710000
0.167000,0.995000,-0.062000,-7.603000,-1.130000,-4.870000
0.183000,0.982000,-0.090000,-6.672000,0.366000,-3.802000
0.203000,0.961000,-0.108000,-7.466000,4.183000,-3.649000
0.190000,0.988000,-0.071000,-6.076000,7.481000,-3.328000
0.179000,0.990000,-0.068000,-6.519000,8.382000,-2.595000
0.178000,0.972000,-0.059000,-9.725000,8.672000,-4.290000
