0.810000,0.406000,-0.456000,-17.237000,-3.969000,-0.580000
0.811000,0.412000,-0.480000,-18.687000,-4.840000,-2.168000
0.803000,0.429000,-0.465000,-19.450000,-5.313000,-3.863000
0.806000,0.461000,-0.478000,-16.656000,-5.053000,-3.160000
0.804000,0.438000,-0.496000,-16.000000,-3.405000,-2.840000
0.805000,0.460000,-0.470000,-14.992000,-2.870000,-2.870000
0.807000,0.492000,-0.489000,-11.527000,-1.802000,0.336000
0.802000,0.455000,-0.481000,-12.718000,-0.809000,1.771000
0.810000,0.432000,-0.436000,-13.511000,-2.702000,0.214000
0.806000,0.435000,-0.443000,-12.489000,-4.229000,-0.840000
0.800000,0.464000,-0.478000,-13.221000,-4.580000,-1.740000
0.802000,0.507000,-0.517000,-13.267000,-2.214000,0.489000
0.803000,0.447000,-0.468000,-15.053000,-2.992000,-0.855000
0.809000,0.449000,-0.461000,-17.985000,-5.053000,-3.084000
0.802000,0.477000,-0.461000,-15.176000,-6.794000,-4.122000
0.799000,0.514000,-0.506000,-13.557000,-6.519000,-2.015000
0.803000,0.523000,-0.536000,-13.115000,-3.924000,1.038000
0.814000,0.514000,-0.502000,-11.389000,-2.244000,4.031000
0.812000,0.497000,-0.502000,-9.160000,-2.504000,5.252000
0.824000,0.473000,-0.548000,-11.145000,-1.221000,5.710000
0.830000,0.444000,-0.532000,-13.466000,0.427000,3.710000
0.823000,0.450000,-0.515000,-15.084000,0.290000,1.420000
0.821000,0.515000,-0.614000,-18.107000,2.733000,1.786000
0.826000,0.590000,-0.780000,-28.473000,15.939000,6.809000
0.777000,0.587000,-0.710000,-43.191000,28.015000,13.649000
0.729000,0.419000,-0.424000,-50.885000,29.893000,17.893000
0.723000,0.505000,0.446000,-1.664000,13.939000,23.069000
0.823000,0.205000,-0.626000,31.221000,-57.115000,27.359000
0.976000,0.380000,-1.391000,5.496000,1.954000,8.718000
0.805000,0.236000,-0.832000,-64.641000,3.908000,-12.916000
0.992000,0.163000,-0.877000,-69.542000,24.519000,-31.023000
0.862000,0.368000,-0.563000,-26.947000,42.458000,-34.504000
0.719000,0.658000,-0.508000,23.878000,55.908000,-4.229000
0.828000,0.352000,-0.097000,7.847000,41.679000,-5.359000
0.807000,0.484000,0.024000,4.580000,3.710000,-17.023000
0.756000,0.598000,-0.298000,-1.053000,-12.855000,-12.718000
0.732000,0.624000,-0.480000,-11.802000,-13.618000,-3.313000
0.740000,0.542000,-0.677000,-35.435000,-5.557000,5.985000
0.785000,0.595000,-0.789000,-49.786000,9.466000,16.947000
0.701000,0.614000,-0.802000,-63.695000,27.176000,36.305000
0.769000,0.454000,-0.614000,-59.954000,44.718000,47.237000
0.778000,-0.215000,0.265000,-29.405000,-55.802000,31.160000
1.084000,0.333000,-0.502000,43.267000,-46.107000,10.275000
0.865000,0.409000,-1.083000,14.534000,-16.351000,4.092000
0.849000,0.320000,-0.723000,-30.458000,3.145000,-19.527000
0.826000,0.539000,-0.606000,-24.061000,9.328000,-15.588000
0.818000,0.551000,-0.522000,-16.061000,23.771000,-8.733000
0.802000,0.513000,-0.417000,-22.198000,24.489000,-9.573000
0.748000,0.472000,-0.261000,-28.321000,19.847000,-13.786000
0.717000,0.623000,0.159000,-10.092000,6.763000,-4.244000
0.805000,0.475000,0.176000,11.649000,-34.183000,0.702000
0.774000,0.367000,-0.336000,26.214000,-45.176000,-6.000000
0.814000,0.441000,-0.653000,25.374000,-36.366000,-10.580000
0.803000,0.459000,-0.774000,14.641000,-23.542000,-10.412000
0.802000,0.507000,-0.803000,-1.084000,-7.542000,-6.809000
0.787000,0.581000,-0.640000,-9.053000,4.824000,1.023000
0.825000,0.543000,-0.456000,-5.786000,7.542000,7.802000
0.826000,0.518000,-0.415000,-2.519000,6.565000,9.252000
0.817000,0.512000,-0.436000,-7.053000,4.427000,9.756000
0.828000,0.472000,-0.451000,-7.893000,2.015000,7.878000
0.856000,0.448000,-0.452000,-7.618000,1.435000,5.511000
0.846000,0.402000,-0.447000,-9.450000,-0.473000,-0.534000
0.843000,0.397000,-0.473000,-10.947000,-2.275000,-5.008000
0.861000,0.405000,-0.513000,-12.733000,-1.069000,-10.794000
0.836000,0.438000,-0.486000,-14.733000,-0.550000,-15.084000
0.827000,0.490000,-0.473000,-14.153000,-0.397000,-14.656000
0.823000,0.512000,-0.466000,-11.756000,0.351000,-13.130000
0.800000,0.547000,-0.435000,-11.725000,-0.779000,-10.473000
0.798000,0.547000,-0.416000,-10.031000,-3.176000,-6.931000
0.803000,0.527000,-0.435000,-8.504000,-4.885000,-2.305000
0.821000,0.466000,-0.467000,-6.611000,-5.176000,-0.870000
0.828000,0.456000,-0.461000,-6.641000,-5.435000,-2.458000
0.813000,0.441000,-0.531000,-9.832000,-4.504000,-2.107000
0.822000,0.457000,-0.531000,-10.595000,-1.084000,-2.458000
0.801000,0.454000,-0.491000,-9.130000,2.000000,-3.160000
0.800000,0.451000,-0.439000,-9.832000,-1.237000,-2.244000
0.815000,0.472000,-0.462000,-9.359000,-1.679000,-2.473000
0.790000,0.493000,-0.456000,-7.725000,-1.435000,-1.450000
0.794000,0.471000,-0.471000,-9.878000,-2.870000,-1.435000
0.800000,0.468000,-0.468000,-10.931000,-3.420000,-2.382000
0.801000,0.482000,-0.485000,-10.412000,-3.542000,-1.939000
0.803000,0.469000,-0.507000,-9.420000,-2.412000,-2.107000
0.806000,0.469000,-0.516000,-8.366000,-0.809000,-2.046000
0.803000,0.478000,-0.507000,-6.809000,0.992000,-1.359000
0.808000,0.482000,-0.477000,-6.015000,1.603000,-1.130000
0.809000,0.490000,-0.462000,-6.962000,0.550000,-1.053000
0.809000,0.479000,-0.451000,-7.130000,-0.061000,-1.099000
0.802000,0.477000,-0.440000,-6.565000,-1.267000,-0.519000
0.806000,0.454000,-0.437000,-6.519000,-3.069000,-1.221000
0.802000,0.462000,-0.459000,-7.573000,-3.893000,-2.305000
0.799000,0.456000,-0.480000,-9.237000,-3.527000,-3.298000
0.801000,0.460000,-0.484000,-11.069000,-3.389000,-5.206000
0.781000,0.499000,-0.496000,-10.687000,-2.504000,-4.412000
0.793000,0.490000,-0.474000,-10.244000,-1.786000,-2.992000
0.804000,0.489000,-0.444000,-9.740000,-2.855000,-2.214000
0.809000,0.491000,-0.487000,-8.366000,-3.634000,-0.992000
0.806000,0.485000,-0.505000,-8.672000,-2.580000,-0.366000
0.810000,0.484000,-0.494000,-8.962000,-1.924000,-0.229000
0.809000,0.471000,-0.498000,-8.092000,-1.053000,-0.122000
0.810000,0.463000,-0.496000,-8.107000,-0.229000,-0.870000
