0.014000,-0.101000,-1.116000,-8.458000,1.771000,-0.183000
0.009000,-0.103000,-1.114000,-7.084000,1.344000,0.550000
0.003000,-0.115000,-1.122000,-6.763000,0.351000,1.053000
-0.014000,-0.124000,-1.128000,-7.679000,-0.366000,0.718000
-0.003000,-0.128000,-1.153000,-9.893000,-0.382000,-0.351000
-0.030000,-0.142000,-1.186000,-11.206000,0.244000,-0.351000
-0.032000,-0.169000,-1.250000,-9.328000,1.344000,-1.374000
-0.030000,-0.143000,-1.335000,-5.053000,3.389000,-2.947000
0.008000,-0.086000,-1.400000,0.137000,5.695000,-3.924000
0.051000,-0.041000,-1.539000,5.374000,11.176000,0.565000
0.059000,0.033000,-1.614000,6.244000,20.733000,5.145000
0.086000,0.108000,-1.846000,6.595000,32.534000,21.756000
0.095000,0.108000,-2.184000,-5.252000,58.275000,40.458000
-0.027000,-0.038000,-2.412000,-16.366000,82.412000,59.313000
-0.143000,-0.428000,-2.602000,-31.664000,103.267000,56.443000
-0.265000,-0.775000,-2.853000,-41.267000,121.756000,32.855000
-0.218000,-1.022000,-3.070000,-37.847000,148.107000,-8.718000
-0.202000,-0.859000,-3.054000,-20.275000,173.038000,-46.672000
-0.076000,-0.584000,-2.861000,7.160000,195.115000,-67.130000
0.030000,-0.362000,-2.594000,35.359000,211.298000,-74.809000
0.078000,-0.209000,-2.437000,58.015000,222.595000,-70.061000
0.078000,-0.127000,-2.312000,63.008000,241.588000,-67.557000
0.031000,-0.050000,-2.324000,44.565000,262.504000,-60.626000
-0.065000,-0.134000,-2.325000,14.031000,293.496000,-60.443000
-0.123000,-0.222000,-2.362000,-18.137000,326.458000,-64.595000
-0.194000,-0.328000,-2.215000,-32.656000,359.649000,-70.977000
-0.235000,-0.265000,-1.987000,-27.344000,384.748000,-76.748000
-0.292000,-0.181000,-1.737000,-6.733000,400.000000,-74.504000
-0.364000,-0.090000,-1.488000,16.290000,400.763000,-69.374000
-0.311000,0.083000,-1.563000,27.817000,407.481000,-57.008000
-0.284000,0.037000,-1.465000,27.664000,431.664000,-47.298000
-0.454000,0.057000,-1.152000,15.863000,450.672000,-44.748000
-0.511000,0.029000,-0.806000,-7.618000,458.153000,-47.023000
-0.570000,0.003000,-0.438000,-31.817000,454.412000,-55.145000
-0.555000,-0.042000,-0.192000,-47.954000,435.847000,-59.649000
-0.455000,-0.102000,-0.191000,-45.282000,421.450000,-62.183000
-0.438000,-0.075000,-0.088000,-30.168000,409.985000,-61.588000
-0.402000,0.088000,0.066000,-18.718000,392.397000,-54.626000
-0.310000,0.122000,0.159000,-10.748000,376.870000,-43.237000
-0.271000,0.121000,0.323000,-11.267000,361.176000,-34.427000
-0.167000,0.079000,0.392000,-18.290000,348.061000,-26.122000
-0.140000,0.026000,0.572000,-34.183000,337.466000,-22.351000
-0.156000,-0.011000,0.872000,-61.267000,313.939000,-22.702000
-0.072000,-0.071000,0.913000,-80.183000,286.305000,-22.962000
0.010000,-0.135000,0.852000,-75.221000,261.206000,-23.969000
0.094000,-0.125000,0.929000,-47.008000,230.305000,-20.198000
0.182000,-0.094000,1.005000,-12.962000,195.450000,-13.389000
0.255000,-0.068000,0.988000,12.580000,162.611000,-7.634000
0.357000,-0.033000,0.887000,24.534000,138.824000,-3.466000
0.411000,-0.020000,0.854000,22.916000,123.176000,-1.939000
0.423000,-0.017000,0.819000,9.878000,107.511000,-3.450000
0.497000,-0.025000,0.749000,-5.115000,99.313000,-7.099000
0.554000,0.001000,0.732000,-20.153000,91.847000,-9.863000
0.573000,-0.012000,0.725000,-23.221000,80.885000,-10.519000
0.647000,-0.006000,0.706000,-15.649000,68.076000,-8.168000
0.635000,0.019000,0.684000,-3.389000,51.191000,-4.061000
0.701000,0.012000,0.554000,7.496000,35.496000,-0.015000
0.771000,0.004000,0.395000,15.084000,29.481000,3.191000
0.798000,-0.012000,0.355000,15.298000,29.237000,2.351000
0.792000,0.012000,0.393000,9.389000,28.244000,-0.351000
0.823000,0.043000,0.405000,2.809000,25.954000,-2.076000
0.828000,0.080000,0.449000,-3.099000,20.595000,-1.756000
0.878000,0.089000,0.397000,-4.794000,14.901000,1.985000
0.904000,0.099000,0.344000,-3.038000,12.473000,7.160000
0.914000,0.069000,0.340000,1.603000,11.786000,11.206000
0.878000,0.057000,0.373000,2.122000,9.588000,12.351000
0.882000,0.039000,0.378000,1.817000,7.084000,11.771000
0.880000,0.014000,0.363000,0.962000,5.649000,9.481000
0.910000,-0.009000,0.340000,0.198000,5.481000,6.947000
0.908000,0.001000,0.310000,-1.099000,6.794000,5.313000
0.894000,0.013000,0.363000,-5.573000,7.252000,4.015000
0.905000,-0.001000,0.353000,-10.321000,7.863000,2.779000
0.911000,0.037000,0.369000,-13.038000,9.221000,3.405000
0.918000,0.040000,0.407000,-12.611000,8.137000,6.305000
0.928000,0.031000,0.403000,-11.420000,5.588000,9.985000
0.924000,0.004000,0.411000,-10.183000,4.153000,11.008000
0.899000,-0.028000,0.435000,-10.687000,-0.122000,10.076000
0.894000,-0.069000,0.343000,-11.221000,-3.420000,7.282000
0.905000,-0.090000,0.275000,-10.290000,-2.351000,3.817000
0.922000,-0.093000,0.253000,-9.863000,0.137000,0.397000
0.927000,-0.072000,0.260000,-8.626000,2.916000,-1.527000
0.907000,-0.064000,0.327000,-7.466000,3.542000,-2.168000
0.904000,-0.058000,0.333000,-5.053000,3.206000,-2.260000
0.892000,-0.032000,0.358000,-3.618000,1.832000,-1.679000
0.901000,-0.030000,0.355000,-2.183000,-0.504000,-1.588000
0.897000,-0.019000,0.351000,-3.053000,-3.008000,-2.000000
0.924000,-0.024000,0.305000,-4.977000,-2.947000,-3.038000
0.920000,-0.023000,0.316000,-6.168000,-2.855000,-4.229000
0.921000,0.003000,0.289000,-6.626000,-2.153000,-3.802000
0.922000,0.014000,0.300000,-5.542000,-1.191000,-2.489000
0.920000,0.019000,0.332000,-5.115000,-1.115000,-0.641000
0.930000,0.005000,0.314000,-5.389000,-1.130000,1.206000
0.938000,-0.020000,0.278000,-3.985000,-0.458000,1.802000
0.939000,-0.028000,0.273000,-3.863000,0.458000,2.000000
0.933000,-0.034000,0.262000,-3.389000,2.061000,0.870000
0.924000,-0.025000,0.307000,-4.779000,3.450000,-0.427000
0.919000,-0.003000,0.338000,-6.611000,2.550000,-1.313000
0.917000,0.011000,0.347000,-7.405000,1.893000,-0.458000
0.921000,0.006000,0.354000,-6.412000,1.664000,1.160000
0.906000,-0.017000,0.379000,-5.466000,0.809000,2.260000
0.909000,-0.020000,0.385000,-5.145000,-1.282000,2.824000
