0.405000,-0.338000,-1.082000,-1.366000,-2.649000,-1.130000
0.398000,-0.330000,-1.083000,-1.298000,-2.214000,-1.412000
0.395000,-0.297000,-1.072000,-1.740000,-2.435000,-1.237000
0.387000,-0.306000,-1.066000,-2.527000,-2.664000,-0.298000
0.388000,-0.318000,-1.067000,-2.359000,-2.504000,0.275000
0.389000,-0.314000,-1.065000,-1.649000,-2.802000,0.954000
0.388000,-0.314000,-1.083000,-1.008000,-3.000000,1.534000
0.394000,-0.320000,-1.089000,-0.893000,-2.847000,1.565000
0.391000,-0.323000,-1.093000,-1.267000,-2.366000,1.511000
0.398000,-0.324000,-1.099000,-1.405000,-1.649000,1.351000
0.393000,-0.337000,-1.093000,-1.672000,-0.817000,0.672000
0.384000,-0.329000,-1.080000,-2.000000,-0.458000,-0.244000
0.391000,-0.322000,-1.080000,-2.382000,-0.473000,-0.198000
0.381000,-0.327000,-1.077000,-2.641000,-0.061000,-0.275000
0.389000,-0.321000,-1.086000,-3.031000,0.237000,-0.687000
0.379000,-0.318000,-1.080000,-3.565000,0.382000,-0.824000
0.377000,-0.327000,-1.085000,-4.160000,0.542000,-0.931000
0.384000,-0.332000,-1.092000,-4.046000,0.908000,-1.824000
0.394000,-0.335000,-1.096000,-3.756000,1.748000,-2.542000
0.405000,-0.342000,-1.115000,-3.908000,3.611000,-3.359000
0.401000,-0.336000,-1.124000,-4.344000,5.748000,-3.809000
0.405000,-0.344000,-1.135000,-5.260000,8.557000,-5.069000
0.397000,-0.342000,-1.110000,-5.198000,11.137000,-5.870000
0.388000,-0.323000,-1.114000,-6.366000,12.229000,-7.153000
0.419000,-0.316000,-1.120000,-6.031000,13.252000,-6.649000
0.440000,-0.314000,-1.135000,-5.427000,16.458000,-5.405000
0.448000,-0.336000,-1.145000,-2.260000,18.382000,-2.954000
0.442000,-0.389000,-1.164000,2.695000,19.695000,-1.359000
0.450000,-0.385000,-1.149000,10.389000,20.061000,-2.313000
0.444000,-0.423000,-1.172000,14.229000,19.031000,-4.817000
0.489000,-0.420000,-1.237000,18.908000,16.489000,-8.366000
0.564000,-0.444000,-1.325000,24.168000,16.229000,-11.336000
0.610000,-0.456000,-1.360000,27.611000,17.924000,-14.458000
0.651000,-0.498000,-1.503000,25.427000,20.221000,-19.420000
0.775000,-0.523000,-1.689000,18.412000,28.198000,-30.214000
0.996000,-0.486000,-1.941000,10.832000,45.786000,-36.191000
1.129000,-0.483000,-2.000000,10.214000,70.473000,-35.290000
1.158000,-0.522000,-2.000000,19.939000,91.733000,-23.817000
1.148000,-0.630000,-2.000000,41.244000,108.802000,-8.137000
1.099000,-0.734000,-2.000000,67.237000,122.282000,2.626000
1.064000,-0.736000,-2.000000,87.649000,134.344000,5.115000
1.005000,-0.733000,-1.993000,89.832000,147.145000,-2.450000
0.915000,-0.711000,-1.894000,81.954000,155.435000,-16.817000
0.889000,-0.765000,-1.880000,71.160000,162.763000,-32.573000
0.875000,-0.783000,-1.930000,62.527000,174.115000,-46.756000
0.832000,-0.786000,-1.896000,58.718000,185.313000,-56.473000
0.778000,-0.800000,-1.888000,60.160000,196.008000,-61.481000
0.725000,-0.821000,-1.892000,68.809000,206.504000,-63.382000
0.665000,-0.842000,-1.836000,83.847000,215.885000,-64.137000
0.608000,-0.810000,-1.759000,96.649000,224.115000,-64.840000
0.559000,-0.754000,-1.704000,103.595000,233.405000,-69.038000
0.439000,-0.763000,-1.546000,102.473000,239.519000,-79.351000
0.356000,-0.739000,-1.421000,96.695000,240.802000,-93.099000
0.318000,-0.693000,-1.324000,91.206000,242.359000,-103.901000
0.285000,-0.635000,-1.271000,83.496000,244.092000,-111.557000
0.296000,-0.666000,-1.293000,79.084000,249.344000,-117.473000
0.273000,-0.660000,-1.211000,82.023000,250.130000,-122.748000
0.231000,-0.578000,-1.146000,84.649000,250.130000,-123.206000
0.215000,-0.573000,-1.070000,87.305000,250.130000,-125.473000
0.143000,-0.541000,-0.948000,88.122000,250.130000,-129.290000
0.096000,-0.480000,-0.825000,87.260000,250.130000,-132.603000
0.102000,-0.394000,-0.782000,83.893000,250.130000,-132.664000
0.120000,-0.404000,-0.773000,82.389000,250.130000,-134.435000
0.077000,-0.366000,-0.665000,78.855000,250.130000,-137.244000
0.040000,-0.331000,-0.616000,75.229000,250.130000,-139.015000
0.015000,-0.280000,-0.517000,74.397000,250.130000,-138.687000
0.002000,-0.245000,-0.420000,74.420000,250.130000,-137.450000
-0.039000,-0.191000,-0.282000,74.359000,250.130000,-141.450000
-0.137000,-0.158000,-0.140000,71.672000,245.031000,-144.107000
-0.106000,-0.106000,-0.115000,75.809000,231.420000,-141.786000
-0.029000,-0.033000,-0.187000,80.214000,224.160000,-132.214000
0.033000,-0.085000,-0.202000,88.160000,221.740000,-121.282000
-0.034000,-0.067000,-0.020000,94.771000,218.634000,-121.328000
-0.115000,0.074000,0.223000,91.550000,208.122000,-128.901000
-0.159000,0.241000,0.383000,79.542000,194.931000,-137.931000
-0.135000,0.400000,0.456000,65.397000,184.786000,-139.855000
-0.127000,0.585000,0.593000,56.351000,176.718000,-132.809000
-0.192000,0.701000,0.740000,54.824000,159.817000,-114.458000
-0.174000,0.717000,0.905000,57.779000,142.000000,-101.687000
-0.177000,0.863000,1.046000,55.908000,120.702000,-95.198000
-0.139000,1.101000,1.179000,42.656000,100.969000,-88.786000
-0.091000,1.252000,1.260000,22.977000,81.832000,-79.527000
-0.043000,1.321000,1.279000,4.885000,64.527000,-67.084000
0.010000,1.351000,1.288000,-8.985000,46.504000,-50.244000
0.089000,1.305000,1.239000,-18.382000,27.931000,-29.710000
0.188000,1.162000,1.125000,-24.588000,12.107000,-8.511000
0.273000,0.963000,1.020000,-28.557000,-0.969000,7.962000
0.331000,0.761000,0.896000,-29.916000,-13.481000,20.870000
0.422000,0.545000,0.755000,-28.115000,-24.076000,31.008000
0.502000,0.328000,0.615000,-25.611000,-32.534000,35.931000
0.604000,0.124000,0.520000,-21.840000,-38.122000,34.130000
0.709000,-0.017000,0.385000,-18.168000,-39.733000,28.069000
0.847000,-0.009000,0.309000,-15.916000,-36.046000,26.137000
0.929000,-0.058000,0.270000,-15.450000,-29.847000,24.435000
0.950000,-0.099000,0.269000,-15.473000,-21.832000,18.420000
0.970000,-0.091000,0.262000,-13.550000,-15.115000,11.756000
0.976000,-0.037000,0.297000,-8.977000,-9.603000,8.412000
0.955000,0.019000,0.327000,-3.160000,-7.252000,7.053000
0.956000,0.069000,0.356000,3.221000,-5.618000,6.489000
0.932000,0.136000,0.387000,6.756000,-5.214000,6.061000
0.925000,0.187000,0.409000,7.336000,-3.779000,4.901000
