-0.000000,-0.063000,-1.125000,-9.328000,1.557000,0.885000
-0.007000,-0.066000,-1.130000,-9.420000,1.786000,0.443000
-0.029000,-0.060000,-1.146000,-10.931000,1.588000,-0.656000
-0.051000,-0.081000,-1.207000,-22.427000,4.458000,-4.137000
-0.060000,-0.087000,-1.258000,-33.023000,9.359000,-8.412000
-0.065000,-0.051000,-1.296000,-35.267000,11.832000,-8.229000
-0.047000,-0.061000,-1.320000,-29.588000,13.756000,-5.466000
-0.036000,-0.126000,-1.279000,-18.794000,13.313000,-6.809000
0.019000,-0.107000,-1.246000,-11.053000,12.733000,-12.641000
0.025000,-0.060000,-1.350000,-11.557000,14.046000,-21.664000
0.061000,0.068000,-1.634000,-33.313000,23.817000,-22.626000
0.078000,0.140000,-2.003000,-61.985000,47.466000,-22.321000
0.149000,0.348000,-2.411000,-89.695000,80.763000,-11.206000
0.185000,0.351000,-2.740000,-100.779000,114.656000,11.542000
0.147000,-0.014000,-2.758000,-53.481000,139.282000,29.618000
0.006000,-0.220000,-2.584000,16.458000,144.748000,33.847000
-0.063000,-0.360000,-2.505000,66.809000,142.687000,23.313000
-0.087000,-0.348000,-2.560000,80.580000,149.649000,0.382000
-0.062000,-0.172000,-2.723000,62.137000,166.275000,-21.435000
0.109000,-0.028000,-2.944000,34.702000,199.496000,-31.527000
0.147000,0.126000,-2.900000,19.344000,237.176000,-26.870000
0.157000,0.144000,-2.747000,20.153000,269.588000,-15.649000
0.066000,0.115000,-2.583000,31.023000,294.779000,-3.359000
-0.019000,0.118000,-2.460000,44.687000,316.427000,6.061000
-0.231000,0.121000,-2.366000,48.992000,330.504000,13.954000
-0.320000,-0.081000,-2.404000,46.275000,344.870000,10.275000
-0.339000,-0.240000,-2.318000,46.504000,371.679000,-4.992000
-0.443000,-0.260000,-2.028000,49.924000,395.847000,-20.321000
-0.489000,-0.244000,-1.704000,52.611000,415.618000,-35.863000
-0.610000,-0.149000,-1.335000,50.916000,425.023000,-46.840000
-0.587000,-0.109000,-1.067000,44.947000,429.939000,-54.443000
-0.522000,0.100000,-0.896000,34.779000,439.756000,-52.626000
-0.477000,0.155000,-0.685000,22.748000,452.061000,-41.130000
-0.565000,0.129000,-0.388000,7.084000,455.924000,-33.344000
-0.577000,0.021000,-0.147000,-11.603000,449.038000,-30.000000
-0.625000,-0.083000,0.068000,-31.679000,438.168000,-36.366000
-0.601000,-0.171000,0.250000,-51.878000,415.695000,-47.389000
-0.517000,-0.209000,0.382000,-65.252000,391.740000,-58.321000
-0.407000,-0.199000,0.422000,-73.893000,366.977000,-67.344000
-0.271000,-0.118000,0.408000,-77.389000,346.382000,-70.687000
-0.099000,-0.018000,0.397000,-73.237000,331.450000,-63.420000
0.016000,0.058000,0.459000,-66.275000,316.290000,-47.496000
0.077000,0.053000,0.505000,-50.550000,299.740000,-29.191000
0.099000,0.055000,0.545000,-26.534000,277.405000,-10.794000
0.128000,0.013000,0.573000,0.229000,257.603000,3.252000
0.091000,-0.040000,0.731000,18.962000,230.870000,8.519000
0.139000,-0.120000,0.813000,32.733000,202.214000,6.687000
0.225000,-0.162000,0.849000,37.817000,178.076000,-2.031000
0.290000,-0.141000,0.877000,37.420000,158.855000,-10.473000
0.419000,-0.107000,0.855000,36.015000,144.031000,-15.710000
0.434000,-0.024000,0.900000,35.267000,132.855000,-17.557000
0.510000,0.060000,0.941000,32.641000,121.023000,-14.885000
0.513000,0.123000,0.985000,30.290000,106.336000,-9.740000
0.547000,0.149000,0.984000,29.725000,88.779000,-4.275000
0.557000,0.133000,0.941000,30.702000,69.969000,0.824000
0.577000,0.104000,0.906000,28.092000,48.885000,2.962000
0.615000,0.049000,0.785000,23.542000,27.847000,3.313000
0.694000,0.021000,0.527000,15.298000,16.718000,0.397000
0.775000,0.037000,0.405000,9.435000,17.679000,-2.168000
0.786000,0.060000,0.358000,2.947000,16.748000,-3.252000
0.822000,0.059000,0.324000,0.580000,16.611000,-3.878000
0.839000,0.069000,0.293000,-0.427000,16.687000,-3.053000
0.845000,0.050000,0.294000,1.405000,17.695000,-2.275000
0.858000,0.051000,0.353000,5.740000,16.015000,-1.191000
0.843000,0.072000,0.385000,8.824000,10.779000,0.473000
0.867000,0.081000,0.405000,9.374000,6.931000,1.206000
0.873000,0.103000,0.406000,4.076000,5.053000,0.534000
0.908000,0.134000,0.397000,-1.588000,6.382000,0.443000
0.913000,0.146000,0.416000,-6.641000,7.359000,1.023000
0.914000,0.148000,0.445000,-9.023000,6.916000,3.435000
0.909000,0.134000,0.472000,-11.160000,5.450000,5.298000
0.883000,0.111000,0.478000,-14.626000,2.550000,6.305000
0.898000,0.047000,0.422000,-17.420000,-0.229000,5.969000
0.896000,0.028000,0.337000,-19.969000,-0.260000,5.084000
0.909000,0.004000,0.297000,-21.771000,0.336000,3.069000
0.929000,0.001000,0.271000,-20.992000,2.092000,0.824000
0.944000,0.008000,0.314000,-18.809000,4.046000,0.351000
0.926000,0.016000,0.361000,-16.046000,3.481000,0.901000
0.918000,0.018000,0.392000,-12.931000,2.275000,1.878000
0.896000,0.021000,0.423000,-11.603000,0.427000,2.351000
0.887000,0.034000,0.374000,-12.916000,-1.878000,2.702000
0.919000,0.030000,0.323000,-12.931000,-2.321000,3.878000
0.905000,0.007000,0.279000,-12.779000,-1.298000,4.427000
0.910000,-0.024000,0.258000,-11.771000,0.687000,2.519000
0.891000,-0.039000,0.284000,-12.031000,3.176000,-1.771000
0.888000,-0.026000,0.334000,-12.000000,4.366000,-5.359000
0.879000,-0.003000,0.389000,-12.748000,3.053000,-7.893000
0.888000,0.029000,0.398000,-13.740000,0.763000,-7.969000
0.895000,0.044000,0.377000,-14.000000,-1.832000,-6.855000
0.913000,0.043000,0.329000,-13.344000,-3.511000,-3.924000
0.913000,0.041000,0.297000,-11.511000,-2.687000,-1.282000
0.917000,0.025000,0.293000,-9.237000,-1.221000,0.214000
0.910000,0.031000,0.281000,-7.176000,0.076000,0.870000
0.922000,0.038000,0.309000,-6.198000,1.252000,1.237000
0.917000,0.023000,0.339000,-5.695000,1.618000,0.779000
0.919000,0.019000,0.351000,-6.122000,1.511000,0.229000
0.912000,0.028000,0.382000,-6.519000,1.511000,-0.229000
0.914000,0.038000,0.388000,-8.336000,0.321000,-0.565000
0.911000,0.058000,0.374000,-10.107000,-0.443000,-0.244000
0.925000,0.046000,0.352000,-10.763000,-0.550000,1.267000
