0.152000,0.043000,-1.174000,-12.214000,-0.366000,0.107000
0.143000,0.067000,-1.198000,-5.924000,-1.527000,1.878000
0.138000,0.073000,-1.199000,-1.008000,-4.366000,4.611000
0.096000,0.073000,-1.263000,-7.450000,-5.969000,0.427000
0.068000,0.110000,-1.340000,-27.267000,-2.443000,-9.237000
0.129000,0.187000,-1.555000,-57.053000,4.916000,-18.458000
0.174000,0.197000,-1.871000,-80.351000,20.962000,-22.656000
0.131000,0.266000,-2.212000,-82.901000,38.595000,-16.840000
0.217000,0.240000,-2.642000,-53.038000,54.626000,-2.550000
0.377000,0.321000,-3.014000,5.878000,75.817000,22.580000
0.440000,0.260000,-3.123000,65.863000,106.794000,46.779000
0.378000,0.155000,-2.965000,103.176000,132.962000,58.809000
0.303000,-0.004000,-2.705000,104.977000,159.176000,50.076000
0.236000,-0.043000,-2.541000,72.198000,180.458000,30.382000
0.266000,-0.072000,-2.562000,25.618000,206.580000,6.458000
0.299000,0.003000,-2.571000,-8.870000,234.519000,-10.275000
0.347000,0.145000,-2.536000,-22.992000,257.450000,-13.237000
0.344000,0.204000,-2.396000,-24.626000,278.137000,-8.382000
0.273000,0.267000,-2.281000,-15.969000,291.710000,1.527000
0.213000,0.269000,-2.192000,-5.725000,303.160000,12.366000
0.128000,0.255000,-2.075000,-7.130000,315.435000,21.649000
0.042000,0.107000,-1.971000,-13.618000,331.832000,20.702000
-0.075000,0.077000,-1.803000,-24.366000,348.382000,13.985000
-0.108000,0.010000,-1.680000,-33.374000,358.534000,8.855000
-0.212000,-0.016000,-1.558000,-39.542000,369.496000,2.366000
-0.233000,-0.036000,-1.564000,-43.481000,371.908000,0.061000
-0.219000,-0.043000,-1.528000,-40.885000,388.046000,-0.260000
-0.268000,-0.022000,-1.268000,-34.305000,402.901000,3.160000
-0.289000,0.020000,-0.967000,-24.824000,407.389000,10.260000
-0.359000,-0.022000,-0.620000,-16.321000,405.756000,15.802000
-0.438000,-0.125000,-0.352000,-11.420000,390.916000,16.794000
-0.461000,-0.201000,-0.219000,-12.382000,378.107000,8.763000
-0.470000,-0.189000,-0.168000,-24.992000,356.244000,3.038000
-0.341000,-0.264000,-0.411000,-36.183000,353.878000,-4.977000
-0.301000,-0.207000,-0.360000,-43.603000,364.351000,-10.046000
-0.267000,-0.171000,-0.168000,-44.031000,366.534000,-11.679000
-0.267000,-0.103000,0.071000,-40.656000,361.130000,-7.756000
-0.240000,-0.090000,0.257000,-35.160000,345.985000,0.351000
-0.278000,-0.105000,0.421000,-34.641000,328.611000,4.000000
-0.228000,-0.140000,0.548000,-43.298000,304.763000,6.580000
-0.143000,-0.210000,0.552000,-60.504000,291.038000,2.061000
-0.126000,-0.279000,0.632000,-77.511000,275.481000,-3.740000
-0.045000,-0.354000,0.615000,-79.206000,263.557000,-13.145000
-0.064000,-0.310000,0.725000,-63.802000,244.443000,-18.489000
0.030000,-0.252000,0.762000,-37.802000,221.908000,-19.588000
0.125000,-0.156000,0.848000,-11.481000,201.206000,-15.832000
0.197000,-0.055000,0.970000,2.550000,178.382000,-9.359000
0.283000,-0.037000,0.984000,2.733000,159.618000,-3.099000
0.308000,-0.011000,1.019000,-3.557000,142.107000,0.809000
0.370000,-0.054000,0.981000,-7.618000,127.740000,3.542000
0.343000,-0.065000,1.002000,-4.198000,112.656000,3.618000
0.367000,-0.100000,1.035000,2.779000,95.237000,0.565000
0.411000,-0.101000,0.992000,10.214000,80.412000,-5.527000
0.462000,-0.033000,0.949000,12.565000,67.603000,-9.725000
0.552000,-0.001000,0.883000,11.954000,56.229000,-10.076000
0.602000,0.078000,0.827000,6.504000,47.618000,-6.718000
0.682000,0.137000,0.762000,-3.252000,42.107000,1.557000
0.668000,0.111000,0.757000,-8.305000,35.588000,8.336000
0.652000,0.066000,0.708000,-5.588000,28.015000,11.176000
0.644000,0.035000,0.689000,4.534000,21.282000,10.870000
0.639000,0.004000,0.703000,13.939000,13.344000,9.023000
0.652000,-0.005000,0.680000,18.305000,6.443000,6.336000
0.670000,0.010000,0.652000,16.076000,2.489000,3.603000
0.699000,0.058000,0.609000,7.344000,-0.275000,2.351000
0.766000,0.059000,0.539000,-2.305000,0.672000,2.641000
0.784000,0.077000,0.544000,-6.412000,1.298000,4.153000
0.805000,0.090000,0.557000,-2.641000,-1.649000,7.252000
0.795000,0.075000,0.562000,2.198000,-4.718000,8.824000
0.791000,0.036000,0.527000,4.992000,-7.771000,8.687000
0.786000,-0.016000,0.544000,4.611000,-7.740000,4.305000
0.783000,-0.039000,0.539000,-0.336000,-8.595000,-1.771000
0.807000,-0.033000,0.498000,-6.489000,-8.244000,-7.221000
0.859000,-0.009000,0.438000,-12.992000,-2.641000,-9.405000
0.861000,0.004000,0.434000,-15.267000,2.183000,-9.420000
0.843000,0.038000,0.478000,-11.511000,3.756000,-7.084000
0.827000,0.036000,0.521000,-4.336000,1.573000,-4.977000
0.827000,0.039000,0.514000,1.237000,-0.702000,-3.496000
0.840000,0.044000,0.539000,2.656000,-0.382000,-2.626000
0.816000,0.033000,0.552000,-0.473000,-0.748000,-3.252000
0.802000,0.025000,0.538000,-5.069000,-1.939000,-5.466000
0.807000,0.018000,0.500000,-8.290000,-1.008000,-8.565000
0.808000,0.068000,0.471000,-9.939000,-0.061000,-9.527000
0.834000,0.082000,0.460000,-8.397000,0.962000,-8.244000
0.843000,0.101000,0.479000,-6.947000,1.160000,-5.710000
0.836000,0.091000,0.489000,-5.328000,2.122000,-2.702000
0.829000,0.086000,0.540000,-4.519000,1.740000,-0.397000
0.823000,0.102000,0.547000,-6.763000,-0.412000,2.351000
0.831000,0.112000,0.531000,-11.374000,-1.237000,5.618000
0.820000,0.085000,0.494000,-15.481000,-1.893000,8.321000
0.816000,0.030000,0.441000,-14.947000,-1.023000,9.267000
0.803000,-0.019000,0.436000,-10.214000,-0.275000,7.710000
0.777000,-0.044000,0.449000,-6.229000,1.069000,4.580000
0.783000,-0.044000,0.488000,-4.733000,0.885000,1.679000
0.782000,-0.043000,0.522000,-5.038000,1.221000,-0.855000
0.790000,-0.012000,0.551000,-6.153000,-1.313000,-1.908000
0.819000,-0.001000,0.499000,-6.595000,-2.794000,-1.695000
0.820000,-0.007000,0.472000,-7.099000,-2.656000,-1.740000
0.828000,-0.001000,0.448000,-5.069000,-2.748000,-2.107000
0.827000,0.011000,0.447000,-2.718000,-2.687000,-2.076000
0.827000,0.018000,0.440000,0.977000,-2.183000,-2.168000
