0.170000,0.034000,-1.088000,-6.992000,-1.588000,-1.023000
0.163000,0.041000,-1.076000,-6.702000,-2.534000,-1.634000
0.171000,0.032000,-1.080000,-7.496000,-3.023000,-2.397000
0.167000,0.034000,-1.090000,-8.382000,-3.130000,-3.145000
0.162000,0.046000,-1.074000,-9.374000,-4.000000,-3.634000
0.168000,0.044000,-1.100000,-10.748000,-4.427000,-4.397000
0.166000,0.048000,-1.083000,-10.962000,-4.626000,-5.221000
0.157000,0.059000,-1.063000,-11.176000,-5.588000,-5.893000
0.174000,0.066000,-1.080000,-11.420000,-5.710000,-6.595000
0.175000,0.086000,-1.066000,-10.626000,-5.618000,-6.550000
0.181000,0.126000,-1.080000,-10.168000,-6.275000,-4.809000
0.188000,0.139000,-1.091000,-9.267000,-6.229000,-1.573000
0.185000,0.126000,-1.094000,-8.565000,-6.122000,0.992000
0.172000,0.094000,-1.094000,-8.901000,-6.137000,2.153000
0.171000,0.077000,-1.060000,-10.153000,-7.252000,1.893000
0.157000,0.055000,-1.084000,-12.840000,-8.458000,0.229000
0.165000,0.047000,-1.102000,-15.221000,-8.046000,-1.786000
0.178000,0.057000,-1.118000,-15.679000,-7.603000,-3.130000
0.173000,0.058000,-1.112000,-15.817000,-7.450000,-3.924000
0.171000,0.056000,-1.110000,-15.664000,-8.153000,-5.115000
0.194000,0.093000,-1.120000,-16.519000,-7.771000,-5.588000
0.188000,0.099000,-1.140000,-17.405000,-7.237000,-4.809000
0.179000,0.104000,-1.156000,-17.649000,-7.053000,-3.099000
0.182000,0.070000,-1.190000,-17.405000,-7.053000,-2.855000
0.195000,0.060000,-1.216000,-17.893000,-6.519000,-2.534000
0.198000,0.029000,-1.272000,-18.489000,-4.870000,-3.267000
0.202000,-0.010000,-1.293000,-19.908000,-2.229000,-5.771000
0.212000,-0.047000,-1.343000,-20.977000,1.267000,-9.267000
0.221000,-0.066000,-1.402000,-22.641000,4.733000,-14.107000
0.250000,-0.089000,-1.455000,-22.107000,9.435000,-16.840000
0.263000,-0.110000,-1.535000,-20.534000,13.695000,-18.473000
0.294000,-0.149000,-1.651000,-18.672000,20.031000,-19.893000
0.316000,-0.189000,-1.776000,-18.458000,30.046000,-21.557000
0.312000,-0.236000,-1.863000,-20.626000,41.954000,-25.237000
0.301000,-0.313000,-1.896000,-21.588000,53.084000,-30.977000
0.321000,-0.388000,-1.949000,-19.481000,64.336000,-38.534000
0.336000,-0.453000,-1.958000,-15.985000,74.366000,-49.130000
0.349000,-0.503000,-2.018000,-11.267000,84.214000,-59.954000
0.355000,-0.505000,-2.109000,-9.130000,96.794000,-70.565000
0.340000,-0.506000,-2.227000,-10.992000,113.115000,-79.908000
0.323000,-0.531000,-2.318000,-12.779000,135.160000,-90.534000
0.291000,-0.532000,-2.290000,-10.031000,155.466000,-100.290000
0.241000,-0.536000,-2.235000,-2.534000,170.000000,-110.061000
0.224000,-0.551000,-2.154000,4.901000,182.931000,-120.504000
0.218000,-0.518000,-2.105000,7.099000,194.107000,-129.710000
0.204000,-0.468000,-2.080000,2.458000,207.832000,-137.924000
0.134000,-0.410000,-2.091000,-12.229000,223.939000,-147.542000
0.092000,-0.343000,-2.108000,-33.863000,245.313000,-157.542000
0.038000,-0.288000,-2.041000,-53.466000,268.015000,-167.313000
-0.013000,-0.246000,-1.953000,-65.557000,287.099000,-174.229000
-0.034000,-0.198000,-1.851000,-62.336000,300.840000,-177.313000
-0.040000,-0.157000,-1.798000,-44.656000,310.046000,-176.336000
-0.069000,-0.067000,-1.772000,-17.542000,315.985000,-170.137000
-0.123000,-0.000000,-1.788000,2.458000,325.252000,-164.183000
-0.239000,0.035000,-1.658000,6.748000,337.405000,-166.214000
-0.349000,0.123000,-1.457000,-1.328000,343.160000,-172.076000
-0.361000,0.202000,-1.328000,-15.282000,346.519000,-177.435000
-0.300000,0.228000,-1.260000,-24.824000,350.779000,-181.008000
-0.319000,0.337000,-1.319000,-24.672000,358.000000,-176.137000
-0.298000,0.388000,-1.325000,-18.794000,368.229000,-166.489000
-0.371000,0.439000,-1.286000,-10.366000,381.588000,-155.145000
-0.499000,0.440000,-1.141000,-0.885000,390.855000,-146.718000
-0.558000,0.441000,-0.922000,8.290000,393.130000,-143.802000
-0.567000,0.481000,-0.730000,16.046000,390.885000,-143.115000
-0.540000,0.524000,-0.532000,22.550000,385.130000,-142.458000
-0.520000,0.572000,-0.410000,30.672000,376.489000,-139.115000
-0.491000,0.625000,-0.337000,42.611000,364.626000,-133.466000
-0.486000,0.722000,-0.276000,55.344000,351.389000,-123.618000
-0.480000,0.831000,-0.274000,62.290000,340.885000,-113.908000
-0.474000,0.892000,-0.171000,56.763000,333.939000,-105.649000
-0.417000,0.897000,0.028000,41.115000,324.931000,-99.924000
-0.347000,0.908000,0.217000,22.962000,309.893000,-94.870000
-0.249000,0.898000,0.260000,9.588000,291.588000,-87.221000
-0.206000,0.878000,0.200000,3.282000,277.969000,-78.153000
-0.210000,0.832000,0.114000,6.229000,268.412000,-69.878000
-0.228000,0.833000,0.064000,19.573000,263.252000,-61.695000
-0.248000,0.834000,0.168000,39.237000,255.786000,-53.878000
-0.277000,0.838000,0.323000,54.076000,240.977000,-50.519000
-0.246000,0.866000,0.577000,61.557000,218.733000,-50.550000
-0.183000,0.995000,0.720000,56.489000,190.382000,-45.908000
-0.107000,1.038000,0.691000,41.954000,165.298000,-37.924000
-0.051000,1.078000,0.626000,23.649000,147.649000,-29.374000
-0.030000,1.067000,0.576000,5.496000,135.282000,-21.405000
-0.015000,1.018000,0.523000,-9.145000,127.313000,-16.794000
0.008000,0.986000,0.544000,-14.687000,118.779000,-13.038000
0.039000,0.961000,0.620000,-10.046000,105.527000,-7.344000
0.062000,0.914000,0.657000,1.618000,87.450000,-0.702000
0.128000,0.874000,0.683000,12.611000,69.557000,3.359000
0.183000,0.885000,0.675000,16.595000,54.092000,6.519000
0.234000,0.871000,0.641000,12.504000,41.252000,7.634000
0.278000,0.889000,0.574000,1.450000,33.771000,6.611000
0.308000,0.891000,0.544000,-9.649000,27.588000,7.267000
0.323000,0.851000,0.489000,-19.420000,22.489000,7.939000
0.332000,0.817000,0.392000,-22.336000,19.878000,7.802000
0.370000,0.771000,0.342000,-17.863000,19.313000,8.214000
0.397000,0.772000,0.360000,-9.221000,16.168000,9.328000
0.466000,0.755000,0.412000,-0.748000,10.351000,11.313000
0.505000,0.747000,0.434000,1.664000,4.489000,12.427000
0.545000,0.708000,0.431000,-0.321000,-1.145000,13.405000
0.535000,0.664000,0.372000,-2.718000,-3.756000,11.969000
0.523000,0.617000,0.329000,-7.282000,-4.687000,7.237000
