0.777000,-0.026000,0.576000,-8.198000,0.122000,1.557000
0.777000,-0.030000,0.593000,-9.802000,1.695000,-0.397000
0.790000,-0.032000,0.596000,-10.504000,3.420000,-1.954000
0.792000,-0.014000,0.624000,-11.313000,4.244000,-2.183000
0.788000,-0.017000,0.630000,-11.115000,3.573000,-3.160000
0.781000,-0.014000,0.642000,-9.267000,1.557000,-3.374000
0.774000,-0.010000,0.643000,-7.908000,-0.015000,-2.641000
0.781000,-0.004000,0.626000,-6.443000,-0.611000,-1.557000
0.779000,-0.011000,0.616000,-4.550000,0.214000,-0.656000
0.782000,-0.003000,0.615000,-5.084000,0.916000,0.183000
0.805000,0.029000,0.571000,-6.153000,2.702000,2.443000
0.814000,0.020000,0.550000,-5.664000,7.221000,5.038000
0.800000,-0.010000,0.578000,-5.618000,10.580000,6.611000
0.798000,-0.050000,0.590000,-7.099000,12.198000,4.718000
0.785000,-0.063000,0.594000,-6.336000,12.931000,1.359000
0.790000,-0.082000,0.625000,-6.290000,13.206000,-2.885000
0.780000,-0.055000,0.626000,-8.687000,13.084000,-5.435000
0.795000,-0.060000,0.611000,-10.336000,13.634000,-7.053000
0.801000,-0.035000,0.616000,-9.557000,11.878000,-7.160000
0.826000,0.007000,0.572000,-6.870000,10.000000,-4.336000
0.830000,0.014000,0.530000,-2.855000,10.137000,-0.733000
0.835000,-0.012000,0.418000,-6.137000,18.153000,-0.763000
0.824000,-0.047000,0.408000,-15.710000,30.168000,-5.008000
0.812000,-0.063000,0.409000,-24.626000,41.450000,-9.878000
0.798000,-0.073000,0.449000,-24.244000,49.160000,-12.595000
0.768000,-0.078000,0.482000,-15.985000,53.649000,-14.519000
0.725000,-0.061000,0.584000,-4.519000,54.229000,-16.076000
0.708000,0.003000,0.689000,5.084000,54.595000,-15.069000
0.672000,0.081000,0.788000,8.321000,55.435000,-10.122000
0.548000,0.170000,0.952000,6.656000,57.893000,-4.336000
0.432000,0.275000,1.303000,-4.183000,47.939000,-1.511000
0.378000,0.405000,1.510000,-19.008000,30.015000,7.023000
0.304000,0.510000,1.708000,-33.282000,15.450000,20.351000
0.133000,0.661000,1.935000,-53.573000,-5.115000,34.870000
0.022000,0.708000,2.010000,-55.634000,-28.977000,61.496000
-0.095000,0.608000,2.103000,-51.908000,-55.023000,85.832000
-0.211000,0.494000,2.215000,-44.656000,-85.115000,100.443000
-0.274000,0.414000,2.472000,-43.603000,-126.260000,108.260000
-0.366000,0.400000,2.822000,-56.137000,-183.740000,114.962000
-0.473000,0.305000,2.872000,-83.084000,-252.244000,117.710000
-0.546000,0.099000,2.563000,-101.985000,-315.710000,107.908000
-0.682000,0.016000,2.261000,-110.794000,-374.748000,85.939000
-0.688000,0.036000,2.068000,-137.924000,-428.443000,59.298000
-0.747000,0.112000,1.782000,-157.115000,-483.191000,38.794000
-0.859000,0.209000,1.556000,-164.840000,-500.275000,23.924000
-0.978000,0.299000,1.163000,-155.298000,-500.275000,23.008000
-1.157000,0.226000,0.551000,-122.504000,-500.275000,32.336000
-1.226000,0.029000,-0.160000,-115.695000,-500.275000,30.718000
-1.125000,-0.216000,-0.853000,-147.008000,-500.275000,1.405000
-0.901000,-0.247000,-1.456000,-178.092000,-500.275000,-36.565000
-0.514000,-0.126000,-1.911000,-195.450000,-500.275000,-63.389000
-0.087000,0.022000,-2.236000,-171.969000,-424.244000,-73.084000
0.224000,0.374000,-2.324000,-105.710000,-361.328000,-53.298000
0.215000,0.832000,-2.415000,-58.412000,-316.901000,3.664000
0.415000,0.776000,-2.661000,-97.053000,-252.076000,51.420000
0.458000,0.347000,-2.566000,-147.557000,-175.740000,78.260000
0.357000,-0.120000,-2.339000,-170.702000,-122.947000,79.649000
0.362000,-0.428000,-2.081000,-166.458000,-90.626000,62.336000
0.392000,-0.517000,-1.778000,-138.580000,-77.481000,40.092000
0.398000,-0.468000,-1.445000,-94.031000,-86.427000,19.847000
0.426000,-0.278000,-1.178000,-49.191000,-107.481000,9.985000
0.452000,-0.106000,-1.113000,-14.366000,-131.298000,13.298000
0.466000,0.026000,-1.161000,9.496000,-148.107000,25.985000
0.527000,0.040000,-1.430000,19.786000,-149.573000,42.733000
0.596000,-0.031000,-1.697000,2.611000,-124.718000,52.840000
0.575000,-0.137000,-1.788000,-29.069000,-86.641000,57.130000
0.539000,-0.339000,-1.747000,-54.122000,-53.893000,52.305000
0.484000,-0.492000,-1.650000,-54.351000,-35.542000,42.992000
0.449000,-0.628000,-1.526000,-37.985000,-30.626000,29.481000
0.467000,-0.664000,-1.453000,-19.374000,-26.931000,11.221000
0.540000,-0.617000,-1.366000,-9.420000,-20.443000,-6.015000
0.581000,-0.515000,-1.250000,-7.267000,-12.305000,-19.908000
0.609000,-0.368000,-1.117000,-6.733000,-9.695000,-25.893000
0.655000,-0.223000,-1.053000,-7.511000,-10.153000,-24.061000
0.704000,-0.127000,-0.970000,-13.450000,-11.420000,-20.275000
0.763000,-0.042000,-0.927000,-26.321000,-12.611000,-13.359000
0.790000,-0.086000,-0.994000,-32.702000,-10.901000,-5.802000
0.791000,-0.158000,-1.053000,-29.145000,-6.992000,-2.397000
0.767000,-0.227000,-1.062000,-17.450000,-3.359000,-2.962000
0.739000,-0.234000,-0.996000,-4.229000,-3.466000,-6.397000
0.713000,-0.227000,-0.935000,5.740000,-5.603000,-10.947000
0.710000,-0.219000,-0.920000,11.191000,-5.893000,-15.511000
0.725000,-0.190000,-0.896000,15.191000,-5.618000,-18.153000
0.722000,-0.156000,-0.859000,18.198000,-5.191000,-19.099000
0.729000,-0.084000,-0.792000,13.466000,-5.206000,-18.916000
0.760000,-0.029000,-0.763000,0.321000,-3.405000,-16.840000
0.771000,-0.005000,-0.792000,-12.305000,0.794000,-12.076000
0.765000,-0.035000,-0.821000,-20.427000,5.435000,-7.832000
0.728000,-0.103000,-0.802000,-21.420000,7.145000,-6.519000
0.698000,-0.136000,-0.790000,-19.084000,6.290000,-7.527000
0.692000,-0.151000,-0.761000,-14.855000,4.504000,-9.481000
0.691000,-0.146000,-0.731000,-9.176000,1.710000,-10.550000
0.685000,-0.127000,-0.700000,-5.420000,-0.656000,-11.466000
0.683000,-0.091000,-0.692000,-5.374000,-2.489000,-10.748000
0.688000,-0.066000,-0.696000,-3.282000,-4.366000,-7.695000
0.670000,-0.039000,-0.657000,1.328000,-8.137000,-2.870000
0.637000,-0.059000,-0.621000,6.656000,-16.595000,3.145000
0.627000,-0.099000,-0.645000,13.420000,-25.481000,6.321000
