0.278000,-0.073000,-1.075000,-7.588000,-4.198000,-0.427000
0.272000,-0.081000,-1.064000,-9.634000,-2.397000,-0.809000
0.274000,-0.083000,-1.060000,-11.328000,-0.336000,-1.756000
0.276000,-0.073000,-1.063000,-11.893000,0.809000,-2.611000
0.278000,-0.060000,-1.047000,-12.275000,1.023000,-2.580000
0.276000,-0.059000,-1.064000,-11.863000,0.473000,-2.305000
0.292000,-0.072000,-1.100000,-10.672000,0.885000,-2.168000
0.304000,-0.072000,-1.119000,-8.565000,1.221000,-1.679000
0.315000,-0.087000,-1.144000,-5.725000,1.649000,-1.221000
0.323000,-0.105000,-1.156000,-3.069000,3.893000,-1.221000
0.319000,-0.088000,-1.137000,-0.809000,5.985000,-0.702000
0.323000,-0.080000,-1.122000,1.893000,7.008000,0.672000
0.313000,-0.069000,-1.115000,4.794000,7.069000,3.237000
0.297000,-0.085000,-1.121000,7.359000,6.290000,5.496000
0.314000,-0.104000,-1.130000,9.603000,6.046000,7.191000
0.310000,-0.101000,-1.124000,12.153000,6.427000,10.122000
0.305000,-0.162000,-1.136000,11.496000,7.298000,10.305000
0.309000,-0.220000,-1.159000,5.649000,10.595000,7.664000
0.296000,-0.266000,-1.158000,-2.519000,14.901000,1.863000
0.285000,-0.274000,-1.178000,-7.802000,16.992000,-3.740000
0.305000,-0.240000,-1.268000,-8.458000,19.344000,-6.244000
0.357000,-0.182000,-1.343000,-3.847000,22.779000,-3.221000
0.407000,-0.165000,-1.406000,5.740000,28.336000,4.015000
0.400000,-0.216000,-1.386000,15.847000,34.183000,8.244000
0.378000,-0.282000,-1.338000,21.969000,36.427000,8.947000
0.319000,-0.349000,-1.327000,24.855000,36.137000,5.038000
0.352000,-0.397000,-1.383000,22.611000,37.725000,2.489000
0.347000,-0.440000,-1.501000,19.832000,42.382000,-3.023000
0.348000,-0.448000,-1.649000,14.748000,48.962000,-4.519000
0.384000,-0.548000,-1.863000,15.527000,61.557000,-7.420000
0.444000,-0.633000,-1.969000,24.794000,85.176000,-10.458000
0.401000,-0.717000,-1.843000,38.504000,104.321000,-17.221000
0.318000,-0.794000,-1.660000,52.153000,113.527000,-27.969000
0.295000,-0.801000,-1.530000,58.137000,114.565000,-39.267000
0.280000,-0.869000,-1.567000,59.695000,112.672000,-47.344000
0.292000,-0.976000,-1.730000,49.740000,119.176000,-59.527000
0.358000,-1.091000,-1.822000,41.145000,133.435000,-74.565000
0.384000,-1.092000,-1.920000,38.321000,152.824000,-83.679000
0.329000,-1.117000,-2.007000,44.198000,176.824000,-92.275000
0.226000,-1.188000,-1.940000,52.351000,198.809000,-105.237000
0.055000,-1.202000,-1.814000,56.580000,209.298000,-124.565000
-0.003000,-1.262000,-1.865000,68.183000,214.656000,-150.015000
0.000000,-1.268000,-1.840000,91.023000,228.977000,-182.305000
0.030000,-1.100000,-1.599000,116.626000,232.672000,-210.427000
0.049000,-0.927000,-1.494000,140.351000,229.908000,-230.122000
0.100000,-0.742000,-1.443000,155.725000,235.695000,-249.740000
0.024000,-0.509000,-1.331000,157.099000,246.473000,-265.420000
-0.115000,-0.216000,-1.198000,145.878000,251.130000,-273.618000
-0.229000,-0.039000,-1.259000,130.183000,254.107000,-273.649000
-0.323000,-0.034000,-1.420000,120.397000,266.748000,-276.702000
-0.428000,-0.026000,-1.454000,119.542000,290.351000,-287.786000
-0.523000,0.028000,-1.229000,123.679000,313.847000,-302.427000
-0.595000,0.126000,-0.932000,129.023000,328.870000,-316.137000
-0.705000,0.208000,-0.714000,125.649000,338.015000,-333.130000
-0.860000,0.359000,-0.532000,114.443000,345.374000,-353.481000
-0.971000,0.529000,-0.363000,96.198000,349.832000,-373.405000
-1.022000,0.730000,-0.217000,80.855000,352.931000,-386.305000
-1.015000,0.971000,0.066000,76.809000,343.618000,-389.176000
-0.928000,1.242000,0.256000,88.763000,315.618000,-377.099000
-0.690000,1.516000,0.323000,117.802000,285.023000,-348.809000
-0.463000,1.675000,0.369000,138.672000,256.290000,-302.733000
-0.302000,1.779000,0.489000,138.198000,227.435000,-254.107000
-0.168000,1.777000,0.564000,126.260000,200.473000,-204.565000
-0.131000,1.691000,0.680000,105.985000,172.824000,-161.267000
-0.082000,1.583000,0.851000,83.878000,139.237000,-129.649000
-0.001000,1.493000,0.808000,65.527000,100.382000,-103.267000
0.066000,1.413000,0.565000,57.679000,75.313000,-77.450000
0.119000,1.287000,0.456000,55.145000,60.748000,-55.740000
0.203000,1.153000,0.392000,56.076000,46.763000,-40.412000
0.285000,1.024000,0.317000,56.672000,39.282000,-30.595000
0.258000,0.947000,0.302000,51.908000,34.504000,-24.916000
0.226000,0.899000,0.256000,40.885000,30.198000,-25.145000
0.243000,0.855000,0.242000,28.366000,28.565000,-30.595000
0.282000,0.882000,0.237000,17.115000,24.870000,-35.466000
0.324000,0.933000,0.239000,16.443000,17.252000,-37.252000
0.411000,0.989000,0.240000,20.779000,8.107000,-34.122000
0.464000,1.010000,0.241000,22.397000,-0.870000,-27.221000
0.573000,1.029000,0.175000,20.748000,-8.168000,-19.069000
0.625000,1.065000,0.136000,17.145000,-9.557000,-5.924000
0.618000,1.044000,0.121000,9.863000,-11.557000,6.885000
0.597000,0.989000,0.084000,3.679000,-12.870000,18.000000
0.576000,0.894000,0.053000,-0.473000,-15.466000,24.351000
0.565000,0.817000,0.049000,0.748000,-20.550000,26.733000
0.621000,0.730000,0.012000,7.542000,-25.573000,24.947000
0.708000,0.664000,-0.013000,14.870000,-26.962000,20.718000
0.798000,0.666000,-0.015000,16.214000,-25.863000,15.908000
0.838000,0.686000,-0.049000,10.107000,-21.237000,13.023000
0.860000,0.733000,-0.047000,0.046000,-14.962000,12.076000
0.841000,0.743000,-0.054000,-10.214000,-11.969000,12.519000
0.814000,0.723000,-0.071000,-17.389000,-10.733000,12.031000
0.814000,0.716000,-0.113000,-17.374000,-10.733000,11.786000
0.837000,0.692000,-0.147000,-11.511000,-9.969000,11.252000
0.871000,0.688000,-0.132000,-2.702000,-7.969000,11.664000
0.856000,0.706000,-0.109000,2.137000,-6.565000,12.672000
0.860000,0.675000,-0.069000,4.580000,-4.321000,12.336000
0.839000,0.663000,-0.037000,2.901000,-4.183000,10.977000
0.805000,0.634000,-0.058000,-1.298000,-3.328000,7.053000
0.780000,0.622000,-0.096000,-5.130000,-0.809000,1.588000
0.766000,0.649000,-0.101000,-9.664000,3.099000,-3.863000
