0.145000,0.096000,-1.075000,-10.901000,-2.992000,-1.160000
0.154000,0.095000,-1.063000,-10.840000,-3.969000,-2.076000
0.145000,0.109000,-1.069000,-10.855000,-4.702000,-2.458000
0.156000,0.122000,-1.089000,-11.542000,-4.733000,-2.153000
0.146000,0.133000,-1.081000,-11.802000,-4.580000,-1.649000
0.143000,0.129000,-1.067000,-12.397000,-5.115000,-0.947000
0.145000,0.105000,-1.062000,-12.809000,-5.496000,-1.542000
0.141000,0.091000,-1.063000,-13.634000,-6.489000,-2.580000
0.160000,0.085000,-1.081000,-14.458000,-6.870000,-3.405000
0.155000,0.084000,-1.074000,-15.206000,-6.580000,-4.672000
0.153000,0.089000,-1.096000,-16.214000,-6.550000,-6.122000
0.151000,0.112000,-1.114000,-16.519000,-6.473000,-6.260000
0.165000,0.132000,-1.138000,-16.855000,-5.695000,-5.176000
0.137000,0.132000,-1.137000,-17.221000,-5.405000,-4.198000
0.151000,0.127000,-1.179000,-19.084000,-5.344000,-3.145000
0.173000,0.087000,-1.217000,-17.878000,-3.908000,-2.534000
0.178000,0.061000,-1.242000,-16.107000,-2.198000,-2.412000
0.179000,0.017000,-1.267000,-15.969000,-0.718000,-3.466000
0.194000,-0.013000,-1.308000,-16.214000,2.366000,-6.534000
0.196000,-0.027000,-1.320000,-16.626000,4.519000,-11.542000
0.195000,-0.026000,-1.356000,-18.718000,8.076000,-14.305000
0.218000,-0.031000,-1.420000,-20.427000,13.954000,-18.015000
0.220000,-0.065000,-1.439000,-22.153000,20.931000,-23.405000
0.248000,-0.073000,-1.464000,-20.931000,25.298000,-26.153000
0.270000,-0.113000,-1.510000,-16.519000,29.038000,-27.618000
0.281000,-0.138000,-1.543000,-13.939000,32.336000,-29.282000
0.287000,-0.162000,-1.674000,-21.130000,39.130000,-32.458000
0.288000,-0.235000,-1.857000,-35.588000,51.786000,-39.282000
0.310000,-0.354000,-1.979000,-45.893000,69.817000,-48.840000
0.276000,-0.459000,-2.058000,-48.595000,84.229000,-61.618000
0.307000,-0.562000,-2.145000,-36.763000,96.809000,-73.756000
0.337000,-0.604000,-2.225000,-20.107000,109.863000,-86.198000
0.328000,-0.596000,-2.226000,-8.382000,127.634000,-97.786000
0.302000,-0.503000,-2.232000,-15.588000,146.183000,-109.374000
0.262000,-0.454000,-2.263000,-40.748000,170.611000,-122.550000
0.169000,-0.402000,-2.268000,-72.412000,192.382000,-135.664000
0.185000,-0.465000,-2.457000,-105.878000,223.130000,-153.588000
0.144000,-0.509000,-2.408000,-114.137000,254.061000,-171.099000
0.132000,-0.440000,-2.296000,-86.855000,271.160000,-175.679000
0.107000,-0.366000,-2.221000,-41.511000,281.160000,-173.237000
0.061000,-0.260000,-2.148000,-4.672000,289.771000,-168.641000
0.011000,-0.190000,-2.078000,9.267000,304.870000,-170.351000
-0.095000,-0.102000,-1.936000,3.771000,321.191000,-178.351000
-0.171000,0.007000,-1.724000,-13.710000,334.489000,-186.992000
-0.242000,0.100000,-1.502000,-29.221000,337.893000,-191.176000
-0.237000,0.214000,-1.496000,-35.740000,332.962000,-187.573000
-0.092000,0.246000,-1.629000,-29.374000,337.405000,-178.504000
-0.110000,0.295000,-1.705000,-16.473000,350.824000,-165.969000
-0.214000,0.259000,-1.693000,-4.000000,368.382000,-156.519000
-0.352000,0.228000,-1.522000,5.466000,384.672000,-154.122000
-0.474000,0.216000,-1.343000,10.122000,393.924000,-157.893000
-0.532000,0.235000,-1.159000,16.076000,396.046000,-164.305000
-0.566000,0.298000,-0.982000,23.313000,388.229000,-170.534000
-0.560000,0.400000,-0.801000,27.313000,375.817000,-175.527000
-0.494000,0.559000,-0.789000,25.756000,361.695000,-173.557000
-0.398000,0.685000,-0.929000,18.580000,364.473000,-167.435000
-0.433000,0.755000,-0.868000,6.733000,372.992000,-160.809000
-0.472000,0.821000,-0.781000,-4.901000,381.832000,-152.137000
-0.506000,0.824000,-0.611000,-10.198000,383.069000,-143.664000
-0.510000,0.855000,-0.477000,-4.580000,379.053000,-131.679000
-0.504000,0.864000,-0.388000,8.519000,369.115000,-117.664000
-0.476000,0.861000,-0.300000,24.382000,358.397000,-103.878000
-0.507000,0.870000,-0.232000,36.031000,348.366000,-93.282000
-0.575000,0.873000,-0.043000,37.267000,335.618000,-88.702000
-0.582000,0.923000,0.119000,26.137000,317.740000,-87.145000
-0.497000,0.997000,0.105000,5.969000,306.107000,-82.489000
-0.411000,1.056000,0.144000,-8.794000,298.168000,-73.435000
-0.385000,1.128000,0.264000,-12.733000,284.366000,-54.977000
-0.379000,1.051000,0.398000,-5.038000,263.115000,-35.282000
-0.421000,0.957000,0.489000,10.198000,234.473000,-18.000000
-0.423000,0.824000,0.531000,25.527000,207.527000,-9.573000
-0.467000,0.741000,0.623000,28.031000,182.321000,-11.786000
-0.411000,0.762000,0.711000,19.695000,155.832000,-18.458000
-0.321000,0.831000,0.692000,10.580000,133.511000,-21.160000
-0.223000,0.898000,0.645000,4.931000,113.924000,-18.748000
-0.101000,0.914000,0.584000,5.084000,98.214000,-11.771000
-0.025000,0.880000,0.549000,5.893000,86.824000,-4.702000
0.028000,0.837000,0.514000,6.595000,77.527000,-0.275000
0.050000,0.802000,0.510000,9.053000,69.679000,0.473000
0.070000,0.802000,0.494000,11.817000,61.115000,-1.160000
0.119000,0.821000,0.483000,14.412000,53.374000,-2.748000
0.179000,0.820000,0.559000,17.130000,42.870000,-4.137000
0.255000,0.837000,0.587000,16.229000,30.214000,-4.168000
0.312000,0.818000,0.508000,10.137000,20.458000,-5.389000
0.348000,0.801000,0.401000,1.603000,17.389000,-8.443000
0.340000,0.819000,0.334000,-4.855000,16.931000,-12.321000
0.307000,0.866000,0.370000,-5.679000,13.389000,-13.542000
0.305000,0.907000,0.368000,-2.565000,6.763000,-11.832000
0.438000,0.924000,0.354000,2.458000,1.389000,-6.153000
0.478000,0.886000,0.334000,5.160000,-2.260000,-1.267000
0.515000,0.833000,0.293000,2.031000,-3.420000,-0.519000
0.498000,0.810000,0.284000,-1.023000,-3.908000,-1.328000
0.499000,0.808000,0.279000,-3.603000,-5.206000,-2.718000
0.465000,0.813000,0.272000,-5.924000,-8.473000,-4.137000
0.513000,0.825000,0.234000,-7.954000,-11.603000,-4.122000
0.560000,0.790000,0.204000,-6.977000,-12.595000,-2.916000
0.614000,0.773000,0.167000,-3.939000,-12.000000,-0.275000
0.623000,0.726000,0.116000,-0.702000,-8.962000,1.084000
0.604000,0.695000,0.079000,1.008000,-3.511000,0.595000
0.535000,0.703000,0.115000,2.229000,0.473000,-1.832000
