0.377000,0.165000,0.835000,5.542000,-8.000000,2.504000
0.365000,0.169000,0.839000,1.908000,-8.153000,-3.282000
0.349000,0.193000,0.848000,-2.382000,-8.214000,-9.008000
0.323000,0.247000,0.888000,-4.504000,-8.641000,-12.550000
0.295000,0.342000,0.965000,-4.504000,-13.710000,-11.756000
0.200000,0.400000,1.054000,-2.336000,-19.221000,-9.435000
0.094000,0.528000,1.220000,-2.031000,-31.756000,-3.603000
0.020000,0.631000,1.323000,-4.595000,-47.954000,6.244000
-0.047000,0.661000,1.349000,-6.763000,-62.122000,19.863000
-0.119000,0.656000,1.343000,-13.267000,-74.931000,31.206000
-0.189000,0.623000,1.399000,-16.565000,-90.931000,42.000000
-0.376000,0.667000,1.506000,-18.412000,-103.725000,48.000000
-0.573000,0.766000,1.758000,-13.420000,-125.191000,58.122000
-0.689000,0.933000,2.061000,-10.901000,-157.634000,73.466000
-0.806000,0.944000,2.149000,-12.977000,-198.870000,91.695000
-0.872000,0.856000,2.132000,-16.397000,-244.595000,105.374000
-0.941000,0.775000,2.167000,-27.679000,-295.863000,112.489000
-0.996000,0.647000,1.903000,-43.313000,-348.611000,116.519000
-1.004000,0.457000,1.582000,-57.527000,-388.916000,110.504000
-1.009000,0.338000,1.302000,-69.252000,-424.794000,100.168000
-0.945000,0.209000,0.890000,-74.122000,-446.641000,88.412000
-0.892000,0.116000,0.704000,-74.916000,-461.542000,74.290000
-0.918000,0.158000,0.705000,-69.832000,-486.275000,67.771000
-0.918000,0.149000,0.606000,-56.840000,-500.275000,68.626000
-1.034000,0.227000,0.656000,-52.458000,-500.275000,74.382000
-0.956000,0.466000,0.196000,-67.664000,-500.275000,90.153000
-0.678000,0.597000,-0.487000,-99.542000,-500.275000,108.687000
-0.538000,0.768000,-0.608000,-134.656000,-500.275000,132.580000
-0.516000,0.785000,-0.775000,-144.107000,-500.275000,171.298000
-0.706000,0.636000,-0.992000,-108.244000,-500.275000,226.550000
-0.715000,-0.114000,-1.553000,-34.580000,-500.275000,269.710000
-0.708000,-0.962000,-2.195000,30.076000,-500.275000,269.893000
-0.563000,-1.811000,-2.447000,45.832000,-454.382000,197.618000
-0.624000,-1.742000,-1.989000,-7.053000,-397.038000,83.756000
-0.499000,-0.853000,-1.809000,-82.840000,-374.901000,0.565000
-0.148000,-0.020000,-2.081000,-135.191000,-342.809000,-16.412000
0.012000,0.498000,-2.208000,-138.260000,-316.198000,26.580000
0.061000,0.352000,-2.628000,-99.511000,-288.962000,97.237000
-0.015000,-0.284000,-2.800000,-64.992000,-244.885000,138.198000
-0.188000,-0.891000,-2.601000,-49.405000,-208.000000,131.038000
-0.296000,-1.236000,-2.381000,-44.794000,-188.458000,89.557000
-0.201000,-1.286000,-2.283000,-47.053000,-174.504000,32.427000
0.006000,-0.955000,-2.249000,-47.740000,-159.298000,-12.992000
0.131000,-0.542000,-1.980000,-43.878000,-150.885000,-33.374000
0.385000,-0.237000,-2.056000,-34.107000,-140.366000,-30.031000
0.561000,-0.071000,-2.101000,-24.962000,-113.603000,-14.580000
0.563000,-0.030000,-1.943000,-18.153000,-89.282000,4.855000
0.510000,-0.127000,-1.884000,-13.771000,-71.649000,20.702000
0.452000,-0.297000,-1.841000,-12.611000,-52.977000,23.725000
0.371000,-0.375000,-1.643000,-11.466000,-45.389000,17.954000
0.406000,-0.372000,-1.596000,-11.099000,-38.366000,9.969000
0.416000,-0.313000,-1.510000,-11.832000,-31.557000,3.710000
0.460000,-0.258000,-1.465000,-10.244000,-25.542000,2.687000
0.475000,-0.225000,-1.413000,-7.237000,-18.534000,5.695000
0.462000,-0.246000,-1.348000,-4.229000,-15.115000,8.672000
0.478000,-0.284000,-1.375000,-3.725000,-8.901000,8.229000
0.394000,-0.285000,-1.244000,-4.626000,-6.656000,4.412000
0.385000,-0.257000,-1.188000,-8.137000,-8.962000,-0.183000
0.414000,-0.217000,-1.216000,-12.336000,-6.687000,-3.221000
0.420000,-0.181000,-1.152000,-14.855000,-6.260000,-3.756000
0.458000,-0.155000,-1.193000,-15.908000,-5.084000,-2.412000
0.443000,-0.160000,-1.174000,-17.252000,-1.954000,-0.534000
0.435000,-0.173000,-1.186000,-17.496000,-0.779000,1.435000
0.461000,-0.192000,-1.235000,-17.191000,3.786000,1.954000
0.391000,-0.215000,-1.147000,-14.641000,6.504000,0.992000
0.395000,-0.196000,-1.163000,-8.534000,4.611000,1.588000
0.406000,-0.208000,-1.158000,-3.817000,5.756000,0.809000
0.409000,-0.187000,-1.102000,-0.214000,7.435000,0.901000
0.385000,-0.168000,-1.063000,0.519000,7.023000,1.481000
0.351000,-0.161000,-0.967000,-1.710000,2.061000,1.893000
0.387000,-0.209000,-1.057000,-5.954000,1.725000,-0.290000
0.409000,-0.212000,-1.050000,-9.053000,5.084000,-2.092000
0.387000,-0.202000,-1.031000,-8.931000,4.656000,-3.206000
0.404000,-0.204000,-1.039000,-8.183000,4.275000,-4.473000
0.415000,-0.179000,-1.047000,-8.153000,4.992000,-6.046000
0.407000,-0.145000,-1.011000,-8.031000,5.191000,-5.634000
0.414000,-0.132000,-1.015000,-8.031000,3.863000,-4.214000
0.406000,-0.123000,-1.011000,-5.893000,2.336000,-2.122000
0.400000,-0.128000,-1.031000,-5.084000,1.817000,-0.275000
0.395000,-0.132000,-1.001000,-5.664000,0.275000,0.183000
0.428000,-0.152000,-1.029000,-7.588000,-0.290000,-0.366000
0.426000,-0.146000,-1.038000,-8.519000,0.840000,-0.214000
0.436000,-0.152000,-1.055000,-7.710000,1.725000,1.435000
0.418000,-0.183000,-1.066000,-7.038000,2.687000,1.740000
0.405000,-0.200000,-1.091000,-6.779000,4.290000,0.550000
0.389000,-0.204000,-1.108000,-5.863000,6.443000,-1.084000
0.352000,-0.201000,-1.008000,-7.481000,2.427000,-3.130000
0.394000,-0.181000,-1.054000,-8.809000,0.504000,-4.870000
0.409000,-0.170000,-1.094000,-10.107000,2.076000,-6.611000
0.421000,-0.139000,-1.070000,-10.076000,3.420000,-6.000000
0.412000,-0.134000,-1.070000,-8.397000,3.466000,-4.443000
0.417000,-0.155000,-1.094000,-6.443000,4.305000,-3.985000
0.417000,-0.143000,-1.073000,-4.443000,5.405000,-3.573000
0.407000,-0.125000,-1.052000,-3.069000,4.977000,-2.153000
0.432000,-0.128000,-1.080000,-3.847000,5.786000,-0.656000
0.421000,-0.143000,-1.091000,-3.817000,7.573000,0.550000
0.411000,-0.174000,-1.129000,-3.695000,9.863000,1.649000
0.423000,-0.218000,-1.180000,-3.359000,13.618000,0.962000
0.389000,-0.243000,-1.180000,-2.397000,17.481000,-1.466000
0.364000,-0.237000,-1.143000,0.015000,15.344000,-3.069000
0.401000,-0.241000,-1.225000,1.145000,16.916000,-5.893000
0.426000,-0.215000,-1.266000,1.160000,21.771000,-7.237000
