0.440000,-0.164000,-1.093000,-0.557000,-0.664000,-1.725000
0.459000,-0.139000,-1.098000,0.939000,-0.290000,0.153000
0.478000,-0.131000,-1.101000,1.000000,0.870000,1.664000
0.476000,-0.130000,-1.103000,0.687000,2.046000,2.985000
0.487000,-0.131000,-1.111000,0.328000,3.550000,3.779000
0.480000,-0.117000,-1.103000,1.389000,4.252000,7.336000
0.474000,-0.119000,-1.086000,3.069000,4.229000,11.244000
0.472000,-0.147000,-1.095000,4.847000,3.435000,14.420000
0.472000,-0.166000,-1.094000,6.450000,3.275000,15.725000
0.471000,-0.206000,-1.079000,5.771000,3.420000,13.832000
0.473000,-0.233000,-1.089000,4.336000,2.626000,8.260000
0.490000,-0.242000,-1.095000,4.275000,2.275000,3.366000
0.509000,-0.227000,-1.107000,6.206000,2.015000,1.924000
0.528000,-0.218000,-1.119000,9.344000,2.481000,3.198000
0.557000,-0.207000,-1.150000,12.588000,4.137000,6.122000
0.575000,-0.205000,-1.158000,13.977000,7.244000,8.420000
0.599000,-0.214000,-1.183000,14.641000,10.351000,10.160000
0.633000,-0.264000,-1.208000,13.702000,13.137000,12.718000
0.678000,-0.325000,-1.261000,18.588000,18.107000,14.519000
0.680000,-0.399000,-1.275000,25.000000,22.282000,15.336000
0.716000,-0.490000,-1.305000,32.198000,25.473000,15.458000
0.756000,-0.585000,-1.346000,38.916000,30.244000,12.305000
0.787000,-0.644000,-1.354000,44.160000,35.893000,9.573000
0.838000,-0.715000,-1.388000,51.260000,43.053000,5.504000
0.878000,-0.799000,-1.413000,57.580000,50.763000,0.771000
0.924000,-0.900000,-1.422000,64.985000,56.626000,-5.847000
1.002000,-0.979000,-1.505000,69.466000,62.855000,-15.641000
1.074000,-1.071000,-1.549000,75.550000,72.534000,-27.702000
1.084000,-1.087000,-1.546000,83.847000,81.588000,-36.672000
1.093000,-1.125000,-1.548000,91.611000,89.893000,-43.718000
1.095000,-1.217000,-1.542000,100.435000,96.260000,-49.519000
1.121000,-1.278000,-1.572000,114.168000,102.153000,-56.237000
1.133000,-1.333000,-1.608000,126.145000,110.305000,-64.351000
1.109000,-1.370000,-1.641000,137.015000,117.969000,-74.130000
1.066000,-1.393000,-1.702000,150.038000,125.779000,-83.527000
1.021000,-1.371000,-1.737000,159.389000,133.885000,-94.405000
0.961000,-1.338000,-1.730000,163.954000,142.969000,-106.031000
0.884000,-1.312000,-1.726000,163.130000,149.802000,-117.374000
0.797000,-1.395000,-1.690000,171.107000,152.947000,-125.344000
0.736000,-1.412000,-1.703000,183.435000,157.206000,-130.267000
0.613000,-1.421000,-1.648000,193.405000,161.221000,-136.817000
0.480000,-1.486000,-1.597000,205.191000,160.771000,-147.985000
0.330000,-1.482000,-1.523000,215.580000,158.405000,-163.160000
0.189000,-1.421000,-1.441000,221.061000,153.496000,-180.511000
0.111000,-1.302000,-1.433000,223.947000,146.389000,-198.389000
0.128000,-1.151000,-1.478000,224.885000,143.573000,-208.786000
0.102000,-1.082000,-1.471000,230.519000,142.198000,-211.008000
0.077000,-1.027000,-1.469000,237.603000,140.779000,-210.053000
0.013000,-1.010000,-1.415000,246.473000,139.733000,-210.977000
-0.095000,-1.021000,-1.354000,250.130000,135.603000,-213.069000
-0.240000,-1.009000,-1.239000,250.130000,127.802000,-219.305000
-0.293000,-0.856000,-1.216000,250.130000,117.534000,-230.252000
-0.299000,-0.644000,-1.206000,250.130000,109.076000,-234.771000
-0.299000,-0.559000,-1.202000,250.130000,101.550000,-235.603000
-0.304000,-0.446000,-1.167000,250.130000,93.603000,-239.023000
-0.260000,-0.159000,-1.111000,250.130000,89.229000,-238.916000
-0.267000,0.053000,-1.012000,250.130000,85.634000,-235.618000
-0.282000,0.151000,-0.952000,250.130000,79.198000,-229.435000
-0.297000,0.261000,-0.849000,250.130000,72.046000,-222.863000
-0.292000,0.348000,-0.822000,250.130000,61.427000,-215.756000
-0.247000,0.495000,-0.844000,250.130000,51.847000,-212.519000
-0.142000,0.647000,-0.843000,237.588000,46.427000,-210.344000
-0.035000,0.737000,-0.851000,221.580000,42.160000,-203.908000
0.099000,0.794000,-0.903000,214.397000,42.160000,-191.992000
0.155000,0.884000,-0.906000,211.817000,44.740000,-179.076000
0.212000,1.036000,-0.967000,205.771000,46.840000,-164.015000
0.269000,1.168000,-0.936000,194.053000,48.336000,-146.977000
0.313000,1.203000,-0.895000,179.794000,47.611000,-131.260000
0.361000,1.222000,-0.889000,162.420000,48.588000,-121.489000
0.458000,1.233000,-0.906000,141.969000,52.038000,-115.267000
0.483000,1.215000,-0.860000,122.550000,56.847000,-110.069000
0.463000,1.237000,-0.754000,108.435000,57.847000,-101.069000
0.471000,1.256000,-0.691000,101.939000,55.145000,-86.763000
0.461000,1.230000,-0.667000,97.244000,50.313000,-68.771000
0.425000,1.173000,-0.584000,93.748000,44.542000,-55.473000
0.407000,1.156000,-0.506000,84.588000,35.878000,-48.603000
0.480000,1.135000,-0.493000,69.710000,29.832000,-47.366000
0.514000,1.163000,-0.426000,51.351000,24.634000,-46.542000
0.565000,1.135000,-0.379000,35.130000,18.534000,-41.450000
0.653000,1.082000,-0.399000,24.740000,15.580000,-32.130000
0.721000,1.012000,-0.387000,21.282000,16.855000,-20.687000
0.729000,0.979000,-0.328000,19.779000,16.305000,-7.878000
0.740000,0.946000,-0.287000,15.908000,14.947000,3.481000
0.760000,0.861000,-0.289000,7.122000,13.573000,8.389000
0.766000,0.769000,-0.270000,-2.679000,12.053000,7.466000
0.811000,0.714000,-0.259000,-10.443000,10.756000,5.992000
0.844000,0.674000,-0.239000,-14.802000,9.565000,8.771000
0.872000,0.613000,-0.242000,-15.519000,8.290000,13.382000
0.880000,0.544000,-0.241000,-15.863000,7.191000,17.626000
0.900000,0.505000,-0.261000,-17.137000,8.870000,19.481000
0.918000,0.460000,-0.216000,-18.076000,10.290000,19.550000
0.914000,0.396000,-0.204000,-18.389000,10.000000,19.115000
0.936000,0.365000,-0.185000,-15.908000,8.962000,17.389000
0.945000,0.362000,-0.178000,-13.710000,8.221000,17.038000
0.942000,0.349000,-0.172000,-12.282000,6.855000,15.977000
0.923000,0.356000,-0.175000,-12.092000,4.130000,14.824000
0.954000,0.327000,-0.181000,-11.389000,0.802000,12.809000
1.006000,0.330000,-0.191000,-8.786000,1.947000,11.351000
1.006000,0.359000,-0.177000,-6.229000,2.977000,11.802000
1.008000,0.364000,-0.174000,-3.450000,2.954000,14.870000
