0.736000,-0.334000,-0.905000,-3.122000,-0.473000,-0.389000
0.729000,-0.325000,-0.906000,-3.733000,0.115000,-0.771000
0.727000,-0.319000,-0.908000,-3.611000,0.710000,0.779000
0.726000,-0.337000,-0.889000,-2.969000,1.191000,1.450000
0.710000,-0.334000,-0.874000,-2.588000,1.756000,1.450000
0.707000,-0.335000,-0.873000,-2.908000,1.206000,1.634000
0.707000,-0.354000,-0.875000,-2.786000,1.542000,1.046000
0.702000,-0.344000,-0.856000,-2.115000,0.733000,0.489000
0.696000,-0.339000,-0.861000,-1.947000,-0.649000,0.412000
0.713000,-0.347000,-0.872000,-2.282000,-0.840000,-0.817000
0.711000,-0.341000,-0.874000,-2.000000,-1.122000,-1.847000
0.715000,-0.318000,-0.869000,-1.992000,-0.771000,-1.229000
0.715000,-0.319000,-0.877000,-2.336000,-0.351000,-0.603000
0.728000,-0.327000,-0.881000,-2.550000,0.679000,-0.450000
0.729000,-0.336000,-0.881000,-1.817000,0.748000,0.153000
0.741000,-0.341000,-0.891000,-0.244000,1.313000,0.763000
0.742000,-0.339000,-0.905000,0.817000,2.527000,1.115000
0.751000,-0.345000,-0.911000,1.870000,3.878000,0.962000
0.752000,-0.358000,-0.916000,3.656000,5.244000,0.595000
0.756000,-0.375000,-0.920000,5.756000,6.786000,0.298000
0.784000,-0.416000,-0.962000,9.618000,10.046000,-0.229000
0.852000,-0.465000,-1.013000,15.405000,17.725000,-2.748000
0.918000,-0.493000,-1.093000,25.802000,31.328000,-3.939000
0.912000,-0.538000,-1.082000,35.702000,46.435000,-6.588000
0.862000,-0.604000,-1.065000,52.733000,55.305000,-8.214000
0.833000,-0.617000,-1.053000,75.321000,60.229000,-8.389000
0.849000,-0.622000,-1.042000,98.374000,64.847000,-7.443000
0.841000,-0.614000,-1.038000,119.626000,67.282000,-5.038000
0.851000,-0.644000,-1.031000,144.832000,68.901000,-2.008000
0.908000,-0.669000,-1.081000,173.656000,73.649000,2.359000
0.995000,-0.655000,-1.128000,208.260000,83.916000,8.863000
1.062000,-0.673000,-1.166000,240.870000,98.733000,15.076000
1.069000,-0.594000,-1.201000,250.130000,115.634000,20.824000
1.054000,-0.553000,-1.167000,250.130000,130.168000,26.328000
1.041000,-0.574000,-1.152000,250.130000,143.466000,31.695000
0.973000,-0.606000,-1.077000,250.130000,153.611000,37.725000
0.933000,-0.621000,-1.039000,250.130000,159.878000,44.931000
0.906000,-0.656000,-0.970000,250.130000,164.588000,49.924000
0.870000,-0.706000,-0.895000,250.130000,166.580000,48.092000
0.875000,-0.744000,-0.872000,250.130000,169.687000,43.153000
0.898000,-0.805000,-0.825000,250.130000,175.756000,28.672000
0.948000,-0.739000,-0.765000,250.130000,184.916000,10.244000
0.988000,-0.552000,-0.713000,250.130000,194.580000,16.015000
1.046000,-0.462000,-0.660000,250.130000,209.580000,32.206000
1.033000,-0.401000,-0.545000,250.130000,223.695000,41.191000
0.950000,-0.378000,-0.403000,250.130000,233.221000,50.206000
0.788000,-0.459000,-0.229000,250.130000,234.176000,54.985000
0.684000,-0.623000,-0.104000,250.130000,227.557000,44.145000
0.614000,-0.613000,0.006000,250.130000,217.954000,32.840000
0.572000,-0.594000,0.075000,250.130000,206.802000,28.374000
0.521000,-0.405000,0.199000,250.130000,193.145000,25.427000
0.475000,-0.317000,0.289000,250.130000,177.443000,15.069000
0.366000,-0.248000,0.425000,250.130000,158.840000,-3.710000
0.292000,-0.193000,0.504000,231.221000,135.351000,-20.214000
0.306000,-0.161000,0.542000,201.924000,114.023000,-31.870000
0.268000,-0.182000,0.578000,180.756000,95.153000,-39.084000
0.242000,-0.167000,0.590000,166.763000,76.832000,-43.786000
0.249000,-0.025000,0.608000,149.382000,60.824000,-48.092000
0.254000,0.074000,0.604000,132.733000,47.771000,-46.649000
0.267000,0.138000,0.603000,114.183000,37.298000,-46.122000
0.263000,0.208000,0.624000,93.359000,26.901000,-43.481000
0.275000,0.198000,0.622000,72.977000,17.267000,-42.435000
0.292000,0.158000,0.631000,55.389000,8.702000,-42.595000
0.329000,0.142000,0.621000,44.908000,2.282000,-38.908000
0.327000,0.133000,0.640000,36.198000,-4.176000,-33.641000
0.346000,0.139000,0.645000,24.641000,-10.443000,-33.137000
0.392000,0.151000,0.625000,14.595000,-14.359000,-29.664000
0.417000,0.133000,0.615000,8.099000,-16.183000,-23.695000
0.468000,0.131000,0.604000,-0.244000,-15.908000,-21.115000
0.486000,0.125000,0.580000,-5.824000,-13.863000,-15.504000
0.495000,0.086000,0.583000,-9.802000,-12.603000,-10.328000
0.500000,0.050000,0.592000,-15.092000,-12.229000,-9.191000
0.562000,0.013000,0.573000,-19.160000,-9.832000,-8.282000
0.573000,-0.079000,0.550000,-16.687000,-5.481000,-3.031000
0.583000,-0.183000,0.568000,-9.748000,-1.542000,-0.954000
0.595000,-0.127000,0.597000,-4.611000,1.198000,2.924000
0.580000,-0.113000,0.638000,-5.298000,3.053000,4.595000
0.556000,-0.135000,0.660000,-8.061000,2.779000,3.252000
0.548000,-0.174000,0.670000,-6.504000,0.985000,4.603000
0.567000,-0.150000,0.664000,-6.260000,-0.183000,4.641000
0.570000,-0.131000,0.662000,-7.992000,-1.679000,5.718000
0.596000,-0.170000,0.650000,-10.252000,-0.962000,5.565000
0.595000,-0.205000,0.642000,-11.427000,0.076000,3.084000
0.608000,-0.219000,0.631000,-8.870000,1.344000,3.183000
0.624000,-0.209000,0.616000,-5.023000,3.076000,5.328000
0.608000,-0.196000,0.648000,-2.626000,4.595000,7.824000
0.585000,-0.196000,0.680000,-3.290000,3.443000,9.008000
0.570000,-0.196000,0.702000,-7.244000,-0.038000,6.191000
0.559000,-0.178000,0.698000,-12.504000,-3.786000,3.008000
0.581000,-0.229000,0.655000,-13.718000,-5.656000,1.282000
0.635000,-0.234000,0.603000,-9.267000,-4.053000,3.740000
0.650000,-0.219000,0.602000,-4.588000,0.260000,7.992000
0.651000,-0.213000,0.622000,-3.145000,4.069000,9.557000
0.628000,-0.231000,0.638000,-5.069000,6.145000,7.252000
0.607000,-0.233000,0.665000,-4.885000,6.412000,6.855000
0.602000,-0.275000,0.661000,-2.542000,6.489000,7.824000
0.594000,-0.285000,0.673000,-0.496000,4.939000,7.863000
0.600000,-0.251000,0.668000,0.740000,3.076000,7.588000
0.610000,-0.214000,0.660000,-1.580000,2.336000,6.901000
0.604000,-0.199000,0.655000,-4.702000,2.145000,6.099000
0.599000,-0.203000,0.656000,-7.031000,2.076000,6.389000
