-0.260000,-0.020000,0.849000,-5.366000,0.634000,-0.405000
-0.264000,-0.027000,0.854000,-5.221000,0.618000,-0.198000
-0.259000,-0.014000,0.854000,-5.206000,0.847000,-0.351000
-0.255000,-0.019000,0.848000,-5.267000,0.962000,-0.420000
-0.260000,-0.018000,0.857000,-5.221000,0.908000,-0.504000
-0.248000,-0.018000,0.851000,-5.351000,0.901000,-0.466000
-0.263000,-0.016000,0.849000,-5.779000,0.962000,-0.313000
-0.262000,-0.029000,0.860000,-5.550000,0.954000,-0.290000
-0.324000,-0.052000,0.950000,-4.863000,0.389000,-0.115000
-0.354000,-0.092000,0.976000,-1.260000,-2.908000,0.557000
-0.509000,-0.198000,1.144000,10.275000,-9.496000,1.023000
-0.543000,-0.185000,1.213000,19.786000,-19.672000,3.710000
-0.557000,-0.347000,1.363000,29.496000,-36.534000,3.237000
-0.872000,-0.004000,1.837000,65.481000,-52.153000,19.618000
-1.278000,0.409000,2.000000,6.389000,-96.137000,2.878000
-0.914000,-0.102000,1.579000,12.443000,-123.191000,4.550000
-0.673000,0.507000,1.155000,23.053000,-137.924000,12.031000
-0.117000,0.293000,0.826000,-15.794000,-136.534000,5.198000
-0.144000,-0.038000,0.741000,-7.695000,-125.649000,6.588000
-0.092000,0.001000,0.808000,1.023000,-122.840000,10.763000
-0.038000,-0.057000,0.620000,-6.237000,-117.328000,8.634000
0.174000,-0.253000,0.366000,-6.008000,-106.282000,4.344000
0.229000,-0.201000,0.339000,1.206000,-93.435000,-0.595000
0.126000,-0.144000,0.631000,6.267000,-81.473000,-4.076000
0.063000,-0.034000,0.649000,10.855000,-80.282000,-2.489000
0.171000,0.042000,0.477000,12.679000,-71.832000,0.229000
0.197000,0.031000,0.562000,11.481000,-62.725000,-0.069000
0.029000,0.066000,0.842000,10.695000,-58.870000,-0.496000
0.083000,0.117000,0.672000,9.328000,-56.626000,0.260000
0.153000,0.144000,0.645000,3.031000,-49.557000,0.359000
0.098000,0.117000,0.801000,3.107000,-45.000000,0.908000
0.065000,0.093000,0.826000,3.275000,-43.336000,3.061000
0.081000,0.066000,0.741000,2.366000,-41.053000,3.786000
0.155000,0.025000,0.675000,0.015000,-36.427000,3.282000
0.180000,-0.019000,0.697000,-0.885000,-31.962000,1.565000
0.150000,-0.021000,0.775000,-0.588000,-27.450000,-0.649000
0.102000,-0.005000,0.819000,2.336000,-25.076000,-1.748000
0.085000,0.040000,0.805000,1.374000,-25.473000,-1.496000
0.115000,0.015000,0.806000,1.336000,-22.603000,-2.443000
0.115000,0.039000,0.814000,0.489000,-22.397000,-2.611000
0.166000,0.033000,0.734000,-0.198000,-17.664000,-3.947000
0.162000,0.042000,0.788000,0.435000,-14.198000,-4.260000
0.124000,0.065000,0.816000,2.260000,-12.611000,-3.298000
0.126000,0.120000,0.820000,2.168000,-11.351000,-1.504000
0.119000,0.084000,0.878000,1.557000,-9.351000,-0.664000
0.051000,0.096000,0.943000,1.962000,-11.863000,1.252000
0.063000,0.094000,0.852000,2.176000,-12.084000,1.511000
0.123000,0.060000,0.858000,0.695000,-10.557000,1.359000
0.126000,0.040000,0.840000,-0.588000,-9.794000,0.885000
0.131000,0.063000,0.852000,-1.260000,-8.817000,0.618000
0.112000,0.038000,0.874000,-1.504000,-7.855000,-0.290000
0.153000,0.030000,0.812000,-2.450000,-7.756000,-1.084000
0.161000,0.033000,0.814000,-1.954000,-6.176000,-2.069000
0.118000,0.051000,0.878000,-1.702000,-6.519000,-2.237000
0.171000,0.045000,0.786000,-2.031000,-4.832000,-2.053000
0.158000,0.085000,0.813000,-2.794000,-2.947000,-1.977000
0.177000,0.081000,0.778000,-4.496000,-1.702000,-1.733000
0.210000,0.093000,0.716000,-6.038000,2.168000,-1.992000
0.187000,0.098000,0.766000,-7.076000,4.458000,-1.366000
0.191000,0.079000,0.757000,-7.298000,6.802000,-0.756000
0.079000,0.100000,0.928000,-6.130000,6.672000,0.634000
0.073000,0.092000,0.917000,-6.260000,5.229000,1.344000
0.041000,0.055000,1.032000,-4.145000,4.435000,1.221000
0.018000,0.059000,1.010000,-3.908000,0.237000,1.832000
0.082000,0.029000,0.942000,-3.985000,0.229000,1.015000
0.071000,0.035000,0.977000,-4.504000,-1.160000,0.336000
0.096000,0.041000,0.894000,-4.611000,-2.046000,-0.359000
0.126000,0.050000,0.843000,-5.557000,-1.176000,-0.824000
0.149000,0.056000,0.836000,-5.634000,-0.275000,-1.206000
0.155000,0.070000,0.784000,-6.908000,0.206000,-1.176000
0.163000,0.073000,0.819000,-6.626000,2.557000,-1.305000
0.091000,0.082000,0.924000,-5.252000,2.779000,-0.611000
0.093000,0.085000,0.891000,-4.802000,2.290000,0.130000
0.059000,0.071000,0.976000,-4.092000,0.832000,0.870000
0.084000,0.059000,0.925000,-4.527000,-0.344000,0.534000
0.099000,0.045000,0.904000,-4.748000,-0.344000,-0.053000
0.099000,0.045000,0.907000,-5.267000,-0.527000,-0.565000
0.133000,0.040000,0.825000,-5.298000,0.420000,-1.099000
0.117000,0.052000,0.884000,-4.763000,0.351000,-1.115000
0.133000,0.068000,0.834000,-5.740000,0.885000,-1.519000
0.117000,0.086000,0.859000,-5.145000,1.565000,-1.405000
0.114000,0.086000,0.877000,-4.947000,1.695000,-0.649000
0.102000,0.093000,0.896000,-5.389000,1.519000,-0.015000
0.110000,0.090000,0.884000,-5.504000,1.863000,0.298000
0.086000,0.074000,0.921000,-5.183000,1.336000,0.779000
0.084000,0.070000,0.919000,-4.947000,0.802000,0.947000
0.094000,0.054000,0.894000,-6.168000,0.069000,0.527000
0.108000,0.047000,0.902000,-5.237000,-0.237000,0.252000
0.112000,0.049000,0.875000,-6.328000,-0.145000,-0.351000
0.121000,0.050000,0.869000,-5.924000,0.130000,-0.565000
0.118000,0.045000,0.863000,-5.847000,0.130000,-0.817000
0.135000,0.052000,0.856000,-5.725000,1.534000,-0.924000
0.133000,0.069000,0.852000,-5.527000,1.947000,-0.794000
0.111000,0.073000,0.880000,-5.076000,2.466000,-0.359000
0.073000,0.088000,0.950000,-5.206000,1.282000,-0.107000
0.085000,0.065000,0.903000,-5.107000,0.527000,-0.214000
0.097000,0.062000,0.903000,-5.351000,0.214000,0.084000
0.100000,0.048000,0.900000,-5.115000,-0.084000,-0.260000
0.113000,0.047000,0.858000,-5.855000,0.160000,-0.771000
0.124000,0.049000,0.881000,-5.573000,0.740000,-1.313000
