0.562000,0.838000,-0.159000,-4.519000,5.771000,11.298000
0.553000,0.847000,-0.132000,-6.153000,4.992000,10.489000
0.541000,0.826000,-0.107000,-6.565000,3.099000,10.901000
0.553000,0.821000,-0.111000,-6.107000,1.573000,10.779000
0.556000,0.818000,-0.114000,-6.779000,0.351000,10.076000
0.559000,0.814000,-0.134000,-8.611000,0.244000,8.794000
0.559000,0.821000,-0.119000,-7.649000,0.244000,8.550000
0.560000,0.806000,-0.136000,-9.802000,-1.817000,7.099000
0.572000,0.823000,-0.140000,-11.374000,-0.931000,5.939000
0.554000,0.808000,-0.089000,-9.496000,-2.015000,5.679000
0.557000,0.799000,-0.110000,-9.664000,-4.366000,4.153000
0.568000,0.786000,-0.135000,-10.519000,-4.153000,1.924000
0.571000,0.767000,-0.099000,-9.908000,-4.626000,-1.466000
0.558000,0.771000,-0.095000,-9.863000,-6.092000,-5.389000
0.559000,0.817000,-0.111000,-8.076000,-6.626000,-6.687000
0.545000,0.851000,-0.136000,-8.290000,-7.359000,-5.191000
0.558000,0.818000,-0.186000,-8.885000,-5.344000,-4.824000
0.560000,0.832000,-0.185000,-9.221000,-1.542000,-5.359000
0.549000,0.865000,-0.167000,-9.679000,1.359000,-3.618000
0.542000,0.853000,-0.130000,-9.679000,1.664000,-2.137000
0.532000,0.847000,-0.096000,-6.656000,0.290000,-0.382000
0.541000,0.827000,-0.110000,-3.282000,-0.153000,1.267000
0.541000,0.820000,-0.104000,-1.099000,-1.420000,0.855000
0.554000,0.801000,-0.146000,-2.580000,-2.962000,-0.992000
0.563000,0.792000,-0.167000,-5.802000,-2.473000,-4.366000
0.566000,0.807000,-0.151000,-5.008000,-1.252000,-6.275000
0.556000,0.808000,-0.145000,-6.550000,-2.595000,-7.527000
0.558000,0.833000,-0.203000,-6.229000,0.198000,-6.443000
0.562000,0.828000,-0.177000,-4.336000,4.092000,-4.870000
0.536000,0.842000,-0.133000,-2.504000,6.046000,-2.550000
0.541000,0.836000,-0.105000,-3.344000,3.756000,-1.176000
0.552000,0.831000,-0.144000,-8.061000,2.977000,-2.718000
0.550000,0.823000,-0.155000,-10.015000,4.443000,-2.687000
0.537000,0.823000,-0.104000,-9.069000,4.656000,-3.588000
0.520000,0.837000,-0.096000,-7.985000,2.855000,-2.351000
0.535000,0.785000,-0.101000,-8.534000,2.198000,-4.687000
0.554000,0.773000,-0.160000,-12.137000,2.855000,-8.885000
0.574000,0.809000,-0.217000,-15.664000,8.153000,-10.794000
0.585000,0.820000,-0.244000,-19.893000,15.130000,-11.145000
0.589000,0.777000,-0.281000,-21.740000,25.863000,-11.038000
-0.480000,1.974000,2.832000,32.580000,-35.420000,29.511000
0.550000,0.661000,-0.530000,-16.336000,-56.015000,31.603000
0.576000,0.820000,-0.009000,-24.321000,-61.206000,28.168000
0.588000,0.739000,-0.422000,-6.947000,-44.687000,30.641000
0.664000,0.605000,-0.412000,-12.015000,-26.000000,16.504000
0.685000,0.627000,-0.498000,-22.473000,-6.275000,-0.153000
0.657000,0.622000,-0.363000,-36.794000,10.382000,-18.763000
0.666000,0.660000,-0.416000,-31.191000,28.275000,-26.534000
0.677000,0.649000,-0.384000,-27.405000,51.237000,-34.702000
0.650000,0.821000,-0.265000,-17.985000,62.290000,-34.015000
0.425000,1.222000,0.096000,6.427000,51.435000,-9.450000
0.359000,0.964000,0.548000,-3.267000,9.313000,2.870000
0.500000,0.827000,0.377000,-3.298000,-30.824000,1.008000
0.490000,0.835000,0.079000,-0.168000,-49.176000,-1.328000
0.548000,0.790000,-0.234000,-7.588000,-46.427000,-3.527000
0.574000,0.760000,-0.349000,-12.916000,-31.160000,-7.252000
0.634000,0.821000,-0.525000,-16.504000,-6.901000,-7.664000
0.603000,0.880000,-0.440000,-19.160000,18.244000,-5.847000
0.577000,0.921000,-0.313000,-17.878000,33.481000,1.771000
0.613000,0.839000,-0.430000,-14.718000,52.168000,10.336000
-0.179000,1.564000,1.878000,18.382000,22.870000,33.634000
0.435000,1.010000,-0.220000,2.748000,-70.107000,35.664000
0.541000,0.800000,-0.124000,-8.794000,-59.344000,44.763000
0.672000,0.538000,-0.342000,-5.191000,-45.267000,24.992000
0.666000,0.516000,-0.389000,-1.969000,-24.794000,8.183000
0.624000,0.634000,-0.225000,-12.092000,-16.656000,-12.748000
0.592000,0.777000,-0.216000,-10.519000,-10.870000,-17.038000
0.631000,0.779000,-0.429000,-18.840000,4.840000,-21.588000
0.592000,0.807000,-0.347000,-20.107000,22.534000,-23.374000
0.566000,0.892000,-0.318000,-5.008000,38.794000,-13.618000
0.538000,0.854000,-0.218000,-2.015000,50.672000,-8.489000
0.484000,0.887000,0.067000,5.298000,46.733000,-3.985000
0.240000,1.090000,0.517000,12.397000,10.458000,9.542000
0.497000,0.941000,0.335000,8.031000,-30.489000,21.389000
0.535000,0.669000,-0.120000,5.679000,-40.733000,12.382000
0.608000,0.697000,-0.354000,-1.557000,-31.542000,-0.336000
0.611000,0.735000,-0.396000,-4.595000,-13.664000,-7.649000
0.578000,0.821000,-0.208000,-1.588000,-2.198000,-9.252000
0.541000,0.904000,-0.105000,0.489000,-2.656000,-5.603000
0.538000,0.925000,-0.152000,0.519000,-3.496000,-0.504000
0.556000,0.896000,-0.199000,0.992000,-0.779000,4.397000
0.561000,0.832000,-0.206000,0.031000,3.023000,5.053000
0.575000,0.810000,-0.167000,-0.687000,6.519000,2.885000
0.557000,0.816000,-0.118000,2.107000,6.977000,2.183000
0.551000,0.833000,-0.110000,0.885000,4.733000,0.473000
0.556000,0.833000,-0.139000,-1.160000,3.313000,-0.580000
0.570000,0.784000,-0.149000,-2.336000,3.389000,-3.557000
0.572000,0.780000,-0.182000,-5.008000,5.115000,-8.489000
0.565000,0.814000,-0.180000,-5.603000,7.893000,-10.656000
0.539000,0.866000,-0.122000,-4.885000,7.969000,-8.992000
0.538000,0.894000,-0.124000,-6.382000,6.519000,-5.863000
0.539000,0.888000,-0.138000,-7.221000,6.366000,-2.473000
0.538000,0.859000,-0.125000,-5.695000,7.069000,0.550000
0.539000,0.834000,-0.094000,-2.153000,6.198000,2.809000
0.555000,0.817000,-0.155000,-1.099000,6.748000,2.489000
0.557000,0.825000,-0.133000,-1.573000,7.176000,1.496000
0.570000,0.816000,-0.160000,-4.901000,7.176000,-0.214000
0.560000,0.819000,-0.122000,-3.634000,8.214000,-1.740000
0.556000,0.837000,-0.109000,-1.435000,6.107000,-0.351000
0.560000,0.831000,-0.170000,-4.397000,5.878000,-1.053000
