0.105000,0.131000,-1.112000,-9.679000,-3.145000,-2.992000
0.104000,0.138000,-1.107000,-9.511000,-2.809000,-2.870000
0.098000,0.138000,-1.085000,-9.664000,-3.313000,-2.550000
0.103000,0.135000,-1.074000,-9.710000,-4.443000,-1.969000
0.099000,0.124000,-1.079000,-10.412000,-4.840000,-2.412000
0.103000,0.127000,-1.072000,-10.565000,-5.481000,-2.885000
0.097000,0.127000,-1.073000,-11.023000,-6.275000,-3.176000
0.103000,0.113000,-1.096000,-11.710000,-6.733000,-3.771000
0.098000,0.108000,-1.102000,-12.534000,-6.000000,-4.977000
0.091000,0.104000,-1.122000,-12.015000,-5.344000,-6.122000
0.096000,0.117000,-1.131000,-10.870000,-4.763000,-6.840000
0.103000,0.141000,-1.111000,-10.489000,-5.069000,-6.473000
0.108000,0.156000,-1.121000,-11.450000,-5.389000,-5.710000
0.107000,0.147000,-1.128000,-12.885000,-5.069000,-4.916000
0.093000,0.140000,-1.134000,-13.267000,-4.992000,-4.702000
0.100000,0.128000,-1.160000,-14.183000,-4.992000,-4.809000
0.125000,0.108000,-1.202000,-15.130000,-4.565000,-4.382000
0.160000,0.072000,-1.241000,-14.275000,-3.450000,-4.153000
0.190000,0.022000,-1.293000,-12.794000,-0.916000,-4.260000
0.187000,-0.015000,-1.326000,-11.405000,1.847000,-6.412000
0.186000,-0.020000,-1.355000,-11.252000,4.137000,-9.282000
0.192000,-0.008000,-1.419000,-14.092000,8.107000,-12.702000
0.217000,-0.038000,-1.482000,-16.870000,13.969000,-14.611000
0.260000,-0.121000,-1.548000,-16.534000,19.527000,-17.298000
0.308000,-0.248000,-1.705000,-11.939000,26.534000,-19.405000
0.344000,-0.371000,-1.855000,-4.260000,37.985000,-25.542000
0.346000,-0.448000,-1.921000,-2.031000,50.947000,-35.221000
0.332000,-0.481000,-1.932000,-8.031000,64.672000,-48.718000
0.282000,-0.466000,-1.956000,-21.237000,78.519000,-63.160000
0.270000,-0.501000,-2.015000,-33.160000,93.237000,-78.519000
0.277000,-0.527000,-2.114000,-34.397000,108.748000,-93.389000
0.303000,-0.502000,-2.267000,-27.969000,124.412000,-102.061000
0.358000,-0.503000,-2.417000,-19.542000,144.718000,-108.595000
0.360000,-0.504000,-2.514000,-12.947000,169.771000,-113.527000
0.286000,-0.489000,-2.481000,-6.718000,193.802000,-118.198000
0.194000,-0.519000,-2.428000,2.382000,212.947000,-123.924000
0.084000,-0.547000,-2.375000,20.305000,226.107000,-131.939000
0.019000,-0.606000,-2.379000,41.053000,239.374000,-144.733000
-0.030000,-0.558000,-2.373000,53.908000,256.122000,-159.450000
-0.069000,-0.523000,-2.301000,55.191000,276.763000,-177.802000
-0.157000,-0.367000,-2.091000,45.893000,295.145000,-189.664000
-0.204000,-0.248000,-1.906000,33.756000,308.840000,-197.908000
-0.254000,-0.148000,-1.722000,20.275000,317.405000,-203.313000
-0.307000,-0.066000,-1.571000,4.702000,322.611000,-205.695000
-0.351000,-0.038000,-1.609000,-9.237000,326.198000,-206.947000
-0.319000,-0.029000,-1.665000,-18.687000,339.756000,-207.557000
-0.395000,-0.005000,-1.645000,-26.779000,357.420000,-211.252000
-0.457000,0.099000,-1.491000,-30.763000,370.855000,-212.473000
-0.501000,0.168000,-1.284000,-28.397000,376.519000,-212.153000
-0.517000,0.279000,-1.115000,-22.260000,373.924000,-208.076000
-0.495000,0.320000,-0.973000,-18.046000,367.924000,-203.542000
-0.483000,0.394000,-0.868000,-16.916000,359.588000,-199.634000
-0.461000,0.476000,-0.807000,-20.382000,351.145000,-194.504000
-0.434000,0.526000,-0.862000,-29.359000,348.824000,-189.496000
-0.425000,0.559000,-0.865000,-34.321000,352.229000,-183.893000
-0.380000,0.607000,-0.802000,-27.405000,353.267000,-174.595000
-0.342000,0.691000,-0.747000,-9.496000,352.153000,-157.969000
-0.311000,0.693000,-0.637000,8.260000,349.023000,-140.183000
-0.293000,0.644000,-0.553000,19.084000,346.229000,-128.916000
-0.301000,0.600000,-0.433000,23.145000,341.649000,-123.237000
-0.351000,0.588000,-0.328000,22.061000,333.847000,-121.084000
-0.394000,0.600000,-0.199000,15.634000,323.817000,-124.107000
-0.408000,0.685000,-0.085000,9.298000,310.412000,-124.351000
-0.332000,0.727000,-0.033000,5.786000,295.939000,-121.939000
-0.224000,0.829000,-0.082000,7.420000,286.779000,-113.985000
-0.197000,0.899000,-0.046000,8.992000,280.748000,-101.099000
-0.167000,0.942000,-0.035000,11.176000,275.802000,-85.206000
-0.215000,0.917000,0.018000,12.122000,271.725000,-71.069000
-0.293000,0.859000,0.138000,9.695000,264.550000,-64.733000
-0.351000,0.800000,0.304000,8.061000,250.351000,-65.176000
-0.298000,0.874000,0.436000,13.206000,227.099000,-62.534000
-0.223000,0.946000,0.413000,20.290000,205.389000,-55.084000
-0.103000,1.009000,0.400000,24.076000,187.924000,-44.183000
-0.074000,1.045000,0.369000,22.260000,175.634000,-32.015000
-0.118000,1.003000,0.431000,16.641000,163.328000,-21.435000
-0.158000,0.957000,0.437000,9.267000,151.420000,-18.107000
-0.152000,0.902000,0.465000,2.443000,139.374000,-19.771000
-0.090000,0.943000,0.490000,-1.008000,126.901000,-21.298000
-0.019000,0.951000,0.467000,-0.427000,116.107000,-19.389000
0.024000,0.947000,0.507000,5.740000,104.931000,-14.916000
0.085000,0.942000,0.588000,14.595000,89.420000,-10.076000
0.098000,0.975000,0.661000,21.252000,71.466000,-2.992000
0.151000,0.971000,0.618000,21.847000,56.855000,3.115000
0.135000,0.934000,0.591000,12.595000,48.244000,3.634000
0.142000,0.908000,0.615000,2.626000,38.611000,2.260000
0.175000,0.910000,0.602000,-2.229000,28.153000,2.137000
0.225000,0.915000,0.547000,-3.176000,20.198000,4.427000
0.281000,0.875000,0.523000,-3.023000,13.878000,6.275000
0.295000,0.849000,0.521000,-2.153000,7.115000,6.885000
0.306000,0.831000,0.509000,-1.176000,-0.489000,7.145000
0.325000,0.815000,0.500000,-0.260000,-7.802000,6.611000
0.366000,0.800000,0.465000,-1.588000,-17.023000,5.420000
0.423000,0.780000,0.381000,-4.427000,-23.130000,4.305000
0.489000,0.771000,0.279000,-4.916000,-24.779000,3.267000
0.523000,0.779000,0.207000,-4.504000,-23.069000,3.603000
0.564000,0.780000,0.151000,-2.931000,-20.031000,4.748000
0.589000,0.794000,0.139000,-0.962000,-16.122000,6.260000
0.574000,0.775000,0.173000,-0.351000,-12.855000,7.282000
0.551000,0.760000,0.201000,-1.466000,-11.557000,6.962000
0.559000,0.736000,0.204000,-4.534000,-11.084000,3.481000
0.573000,0.733000,0.216000,-6.916000,-10.107000,1.008000
