0.153000,0.118000,-1.100000,-10.931000,-4.427000,-2.061000
0.157000,0.126000,-1.075000,-12.046000,-5.115000,-1.527000
0.173000,0.109000,-1.062000,-12.687000,-6.351000,-1.053000
0.167000,0.096000,-1.077000,-13.863000,-6.962000,-1.450000
0.161000,0.089000,-1.077000,-15.206000,-7.557000,-2.809000
0.162000,0.099000,-1.086000,-17.313000,-8.046000,-4.137000
0.164000,0.106000,-1.105000,-19.069000,-8.427000,-5.221000
0.184000,0.111000,-1.116000,-21.679000,-7.496000,-5.557000
0.186000,0.107000,-1.119000,-24.458000,-5.969000,-6.198000
0.180000,0.104000,-1.092000,-26.122000,-5.542000,-7.191000
0.189000,0.090000,-1.103000,-27.557000,-6.412000,-7.985000
0.194000,0.063000,-1.151000,-28.809000,-5.771000,-9.832000
0.208000,0.039000,-1.163000,-28.992000,-4.061000,-12.076000
0.225000,0.042000,-1.190000,-29.466000,-2.733000,-14.382000
0.234000,0.052000,-1.186000,-28.824000,-1.359000,-15.695000
0.264000,0.035000,-1.234000,-30.504000,-0.061000,-17.176000
0.276000,-0.006000,-1.291000,-31.573000,3.084000,-17.893000
0.284000,-0.077000,-1.357000,-32.153000,6.183000,-20.168000
0.287000,-0.138000,-1.431000,-30.870000,10.885000,-23.527000
0.283000,-0.176000,-1.504000,-30.397000,16.229000,-27.420000
0.298000,-0.205000,-1.599000,-32.397000,22.718000,-32.260000
0.309000,-0.248000,-1.679000,-41.710000,33.115000,-39.115000
0.331000,-0.312000,-1.737000,-56.366000,46.305000,-49.832000
0.332000,-0.366000,-1.809000,-61.435000,57.053000,-60.412000
0.354000,-0.393000,-1.905000,-56.962000,65.969000,-68.718000
0.359000,-0.380000,-2.009000,-48.565000,75.786000,-75.649000
0.346000,-0.379000,-2.140000,-42.489000,88.168000,-82.611000
0.332000,-0.373000,-2.209000,-40.458000,104.412000,-90.977000
0.336000,-0.412000,-2.240000,-42.931000,123.298000,-100.290000
0.318000,-0.452000,-2.266000,-47.649000,145.084000,-112.992000
0.281000,-0.459000,-2.220000,-47.679000,163.985000,-124.901000
0.296000,-0.407000,-2.198000,-42.962000,179.053000,-131.954000
0.266000,-0.340000,-2.235000,-38.198000,193.603000,-133.740000
0.224000,-0.315000,-2.297000,-39.771000,210.183000,-136.412000
0.137000,-0.302000,-2.323000,-47.313000,230.840000,-144.244000
0.057000,-0.275000,-2.313000,-56.137000,252.015000,-154.901000
-0.035000,-0.205000,-2.222000,-59.298000,271.145000,-164.580000
-0.108000,-0.119000,-2.098000,-59.450000,287.237000,-171.160000
-0.149000,-0.069000,-2.012000,-55.282000,300.748000,-174.229000
-0.175000,0.003000,-1.916000,-42.427000,312.519000,-173.527000
-0.236000,0.094000,-1.878000,-33.710000,322.519000,-172.031000
-0.264000,0.194000,-1.865000,-32.061000,336.992000,-173.237000
-0.324000,0.305000,-1.732000,-33.191000,351.237000,-173.145000
-0.386000,0.435000,-1.622000,-37.863000,360.885000,-169.176000
-0.375000,0.456000,-1.478000,-40.153000,369.557000,-162.198000
-0.443000,0.423000,-1.323000,-36.046000,371.344000,-154.595000
-0.458000,0.358000,-1.292000,-25.847000,370.809000,-148.214000
-0.455000,0.328000,-1.237000,-8.290000,368.580000,-145.435000
-0.501000,0.365000,-1.221000,5.969000,366.870000,-144.305000
-0.500000,0.420000,-1.220000,11.756000,372.916000,-147.756000
-0.559000,0.532000,-1.117000,10.046000,384.015000,-152.031000
-0.579000,0.665000,-0.944000,3.893000,388.672000,-152.489000
-0.542000,0.756000,-0.749000,-2.656000,387.481000,-145.115000
-0.473000,0.770000,-0.601000,-0.427000,381.282000,-134.656000
-0.468000,0.798000,-0.467000,9.542000,370.519000,-118.733000
-0.510000,0.761000,-0.393000,19.359000,358.916000,-105.023000
-0.586000,0.740000,-0.301000,25.420000,346.061000,-97.237000
-0.565000,0.769000,-0.298000,26.611000,338.321000,-94.901000
-0.521000,0.856000,-0.269000,24.931000,336.046000,-90.992000
-0.502000,0.910000,-0.149000,23.084000,332.870000,-86.794000
-0.523000,0.950000,0.001000,23.435000,324.855000,-77.786000
-0.496000,0.903000,0.200000,28.885000,310.214000,-69.603000
-0.477000,0.935000,0.297000,39.618000,288.611000,-56.931000
-0.360000,0.924000,0.255000,49.145000,267.863000,-43.069000
-0.286000,0.903000,0.133000,53.817000,256.885000,-28.672000
-0.341000,0.765000,0.165000,50.092000,251.267000,-25.710000
-0.439000,0.736000,0.352000,35.435000,239.573000,-33.282000
-0.467000,0.733000,0.463000,21.221000,223.496000,-41.740000
-0.439000,0.731000,0.453000,14.244000,204.427000,-49.618000
-0.262000,0.804000,0.366000,16.046000,191.710000,-52.962000
-0.219000,0.884000,0.379000,24.153000,180.534000,-48.214000
-0.167000,0.946000,0.365000,30.748000,170.107000,-40.931000
-0.182000,0.986000,0.509000,30.076000,157.542000,-32.595000
-0.207000,0.994000,0.618000,21.069000,140.260000,-28.626000
-0.184000,0.989000,0.708000,9.298000,123.206000,-28.458000
-0.132000,0.992000,0.763000,-6.885000,106.977000,-29.374000
-0.081000,0.986000,0.765000,-14.840000,87.771000,-29.481000
0.005000,1.041000,0.743000,-14.840000,71.145000,-24.504000
0.082000,1.082000,0.722000,-6.580000,54.382000,-14.061000
0.136000,1.068000,0.695000,3.908000,38.901000,-1.863000
0.158000,1.017000,0.677000,11.939000,24.061000,7.878000
0.185000,0.977000,0.618000,12.977000,11.206000,13.481000
0.235000,0.908000,0.594000,4.870000,1.145000,13.863000
0.288000,0.885000,0.536000,-6.626000,-8.718000,12.412000
0.360000,0.828000,0.408000,-13.053000,-16.672000,11.359000
0.490000,0.815000,0.291000,-11.450000,-20.031000,13.145000
0.492000,0.763000,0.217000,-6.901000,-22.122000,15.160000
0.495000,0.728000,0.168000,-2.870000,-23.130000,14.351000
0.470000,0.713000,0.125000,-1.115000,-23.191000,11.099000
0.481000,0.705000,0.069000,-2.092000,-21.618000,4.290000
0.501000,0.719000,0.059000,-1.145000,-18.198000,-2.244000
0.540000,0.742000,0.081000,1.328000,-16.183000,-6.351000
0.569000,0.773000,0.098000,1.985000,-13.542000,-7.802000
0.613000,0.802000,0.135000,2.641000,-11.542000,-7.863000
0.607000,0.818000,0.117000,3.237000,-8.489000,-5.496000
0.572000,0.813000,0.114000,3.618000,-5.099000,-4.550000
0.547000,0.845000,0.114000,1.802000,-0.534000,-4.092000
0.504000,0.848000,0.181000,0.412000,1.573000,-4.122000
0.487000,0.846000,0.237000,-1.023000,0.000000,-4.656000
0.478000,0.862000,0.234000,-3.969000,-2.275000,-4.656000
