0.257000,0.181000,0.842000,2.076000,13.282000,-3.527000
0.199000,0.200000,0.879000,4.443000,12.611000,-5.435000
0.176000,0.236000,0.945000,4.046000,9.176000,-8.504000
0.132000,0.281000,0.988000,-0.198000,4.489000,-11.221000
0.097000,0.333000,1.045000,-6.046000,-1.649000,-13.237000
0.012000,0.373000,1.042000,-10.824000,-6.885000,-14.870000
-0.058000,0.453000,1.103000,-13.328000,-12.458000,-15.267000
-0.221000,0.562000,1.152000,-11.588000,-14.473000,-12.427000
-0.329000,0.680000,1.457000,-10.000000,-23.985000,-5.450000
-0.500000,0.802000,1.704000,-14.855000,-45.939000,6.656000
-0.592000,0.856000,1.852000,-20.947000,-74.840000,21.847000
-0.663000,0.840000,1.828000,-32.733000,-103.557000,35.710000
-0.805000,0.800000,1.910000,-48.672000,-131.679000,43.115000
-0.866000,0.710000,1.846000,-72.885000,-159.115000,41.695000
-0.973000,0.687000,1.898000,-95.573000,-188.061000,37.145000
-1.031000,0.737000,1.906000,-113.298000,-225.542000,38.137000
-1.093000,0.746000,1.846000,-112.183000,-267.924000,49.282000
-1.127000,0.745000,1.768000,-93.053000,-314.977000,71.282000
-1.174000,0.635000,1.597000,-68.092000,-363.802000,95.771000
-1.233000,0.447000,1.526000,-57.496000,-408.702000,107.344000
-1.307000,0.249000,1.396000,-72.687000,-454.504000,99.832000
-1.340000,0.102000,1.168000,-106.198000,-497.832000,75.099000
-1.410000,0.057000,1.056000,-137.481000,-500.275000,41.176000
-1.486000,0.130000,0.820000,-152.702000,-500.275000,19.954000
-1.387000,0.095000,0.207000,-142.672000,-500.275000,9.817000
-1.271000,-0.043000,-0.207000,-110.870000,-500.275000,2.580000
-1.265000,-0.094000,-0.280000,-79.679000,-500.275000,-3.618000
-1.347000,0.035000,-0.144000,-68.168000,-500.275000,-1.527000
-1.225000,0.221000,-0.864000,-63.802000,-500.275000,10.672000
-0.825000,0.518000,-1.706000,-61.664000,-500.275000,47.405000
-0.296000,0.593000,-2.384000,-53.313000,-500.275000,101.344000
-0.086000,0.289000,-2.518000,-55.237000,-500.275000,139.664000
-0.167000,-0.142000,-2.197000,-71.924000,-439.099000,136.168000
-0.304000,-0.475000,-1.874000,-84.534000,-403.450000,101.374000
-0.362000,-0.489000,-1.876000,-66.748000,-387.130000,66.427000
-0.427000,-0.405000,-1.831000,-30.733000,-388.427000,48.565000
-0.402000,-0.402000,-2.066000,-3.130000,-387.817000,36.672000
-0.244000,-0.345000,-2.530000,6.977000,-360.931000,23.282000
-0.039000,-0.114000,-2.673000,-1.603000,-314.397000,22.198000
0.089000,0.165000,-2.614000,-20.427000,-271.649000,39.802000
0.083000,0.054000,-2.472000,-36.977000,-239.725000,59.008000
0.078000,-0.226000,-2.460000,-47.374000,-211.389000,60.748000
0.040000,-0.479000,-2.393000,-48.336000,-188.321000,44.656000
0.087000,-0.554000,-2.278000,-42.672000,-170.046000,17.985000
0.169000,-0.444000,-2.162000,-30.137000,-156.595000,-4.107000
0.265000,-0.306000,-2.104000,-11.725000,-143.893000,-12.840000
0.356000,-0.223000,-2.062000,4.992000,-128.214000,-16.962000
0.381000,-0.095000,-1.928000,13.511000,-113.664000,-16.015000
0.467000,-0.022000,-1.927000,13.969000,-96.580000,-12.534000
0.520000,0.067000,-1.878000,10.107000,-77.359000,-5.191000
0.526000,0.050000,-1.808000,5.328000,-61.481000,1.939000
0.525000,0.027000,-1.731000,1.053000,-46.885000,7.099000
0.507000,-0.037000,-1.696000,-1.450000,-33.466000,10.076000
0.481000,-0.085000,-1.597000,-0.260000,-24.168000,11.221000
0.469000,-0.154000,-1.484000,2.702000,-20.092000,11.252000
0.478000,-0.209000,-1.484000,5.496000,-14.733000,7.939000
0.502000,-0.203000,-1.447000,6.626000,-7.573000,4.870000
0.468000,-0.177000,-1.376000,8.000000,-2.794000,3.069000
0.430000,-0.154000,-1.288000,6.031000,-4.061000,2.183000
0.424000,-0.142000,-1.296000,-0.397000,-1.496000,-1.160000
0.439000,-0.115000,-1.290000,-5.618000,0.137000,-3.695000
0.464000,-0.084000,-1.303000,-3.634000,2.580000,-2.092000
0.477000,-0.093000,-1.298000,0.901000,5.847000,0.534000
0.475000,-0.100000,-1.241000,4.382000,8.626000,2.214000
0.441000,-0.103000,-1.161000,4.092000,7.679000,2.137000
0.454000,-0.125000,-1.161000,1.573000,9.435000,0.031000
0.457000,-0.100000,-1.133000,-0.214000,12.137000,-0.076000
0.455000,-0.116000,-1.108000,-0.244000,12.977000,1.160000
0.452000,-0.123000,-1.111000,-0.718000,14.336000,1.802000
0.426000,-0.132000,-1.097000,-1.725000,16.122000,1.847000
0.407000,-0.140000,-1.069000,-1.145000,15.924000,1.542000
0.400000,-0.140000,-1.056000,0.336000,15.634000,1.603000
0.388000,-0.153000,-1.018000,1.191000,13.237000,0.153000
0.389000,-0.132000,-0.998000,0.076000,10.214000,-1.466000
0.415000,-0.119000,-1.011000,-2.855000,10.046000,-3.420000
0.408000,-0.091000,-1.001000,-5.832000,9.191000,-3.725000
0.421000,-0.105000,-1.038000,-8.244000,10.260000,-3.725000
0.409000,-0.103000,-1.045000,-8.076000,12.412000,-2.794000
0.399000,-0.120000,-1.040000,-5.588000,12.931000,-1.466000
0.410000,-0.131000,-1.043000,-3.878000,13.725000,-0.748000
0.391000,-0.131000,-1.011000,-3.756000,14.519000,-1.313000
0.359000,-0.121000,-0.914000,-5.969000,10.565000,-3.084000
0.378000,-0.127000,-0.969000,-10.031000,7.847000,-6.473000
0.407000,-0.105000,-0.976000,-13.206000,8.748000,-9.634000
0.390000,-0.074000,-0.997000,-11.344000,7.863000,-9.145000
0.395000,-0.083000,-1.002000,-5.328000,5.969000,-7.618000
0.420000,-0.090000,-1.011000,-1.267000,4.550000,-6.519000
0.438000,-0.080000,-1.044000,-0.382000,5.527000,-6.794000
0.446000,-0.054000,-1.030000,-0.718000,7.069000,-5.450000
0.440000,-0.028000,-1.046000,-1.069000,8.534000,-2.656000
0.412000,-0.021000,-1.025000,-0.779000,8.947000,0.672000
0.416000,-0.041000,-1.059000,-0.992000,8.351000,3.099000
0.429000,-0.073000,-1.119000,-0.779000,10.794000,3.405000
0.424000,-0.096000,-1.135000,1.221000,13.405000,4.229000
0.411000,-0.105000,-1.127000,4.763000,15.191000,5.588000
0.401000,-0.151000,-1.159000,6.198000,16.504000,5.511000
0.392000,-0.188000,-1.180000,5.053000,18.931000,1.847000
0.406000,-0.190000,-1.218000,4.718000,23.115000,-2.107000
0.414000,-0.171000,-1.252000,5.145000,26.824000,-4.382000
0.429000,-0.149000,-1.303000,7.176000,33.527000,-4.611000
0.445000,-0.128000,-1.302000,8.947000,40.611000,-4.580000
0.436000,-0.133000,-1.302000,10.214000,45.756000,-4.366000
