0.450000,0.168000,0.851000,6.870000,8.870000,3.924000
0.440000,0.171000,0.847000,6.260000,8.214000,5.710000
0.401000,0.181000,0.922000,5.542000,5.527000,8.092000
0.377000,0.198000,0.974000,3.817000,-0.153000,10.061000
0.347000,0.208000,0.978000,0.901000,-3.542000,12.000000
0.276000,0.198000,1.033000,-2.031000,-7.328000,12.214000
0.240000,0.213000,1.102000,-4.458000,-14.275000,13.145000
0.208000,0.216000,1.125000,-5.160000,-20.641000,14.565000
0.154000,0.221000,1.232000,-4.672000,-28.046000,16.595000
0.050000,0.283000,1.362000,-4.427000,-38.092000,18.305000
-0.083000,0.382000,1.608000,-9.221000,-53.237000,20.321000
-0.206000,0.486000,1.844000,-22.382000,-75.313000,23.588000
-0.258000,0.534000,1.906000,-36.992000,-100.977000,28.824000
-0.274000,0.480000,1.844000,-45.008000,-126.305000,36.244000
-0.319000,0.387000,1.819000,-46.107000,-154.382000,42.244000
-0.427000,0.357000,1.887000,-45.786000,-192.244000,46.824000
-0.477000,0.334000,1.687000,-41.069000,-220.122000,52.519000
-0.554000,0.305000,1.747000,-34.824000,-242.885000,56.718000
-0.620000,0.278000,1.812000,-24.336000,-272.977000,63.664000
-0.721000,0.228000,1.937000,-13.527000,-311.603000,74.107000
-0.823000,0.123000,1.918000,-9.496000,-363.420000,83.634000
-0.869000,-0.056000,1.632000,-10.779000,-406.702000,82.107000
-1.024000,-0.112000,1.707000,-29.985000,-455.573000,68.443000
-1.068000,-0.157000,1.217000,-56.260000,-500.275000,45.328000
-0.904000,-0.186000,0.494000,-74.809000,-500.275000,18.076000
-0.510000,0.182000,-0.220000,-93.679000,-479.328000,5.618000
-0.366000,0.351000,-0.248000,-102.748000,-445.359000,14.229000
-0.459000,0.343000,-0.049000,-84.779000,-439.664000,36.061000
-0.709000,0.307000,0.216000,-61.053000,-469.511000,59.344000
-0.805000,0.052000,-0.088000,-48.183000,-500.275000,66.992000
-0.903000,-0.174000,-0.484000,-51.588000,-500.275000,49.603000
-0.879000,-0.153000,-1.203000,-56.977000,-500.275000,33.924000
-0.638000,-0.203000,-1.923000,-57.389000,-490.641000,27.527000
-0.240000,-0.115000,-2.643000,-50.687000,-440.504000,38.275000
-0.021000,-0.213000,-2.825000,-15.985000,-382.718000,60.534000
-0.025000,-0.231000,-2.545000,39.221000,-350.672000,89.481000
-0.174000,-0.294000,-2.261000,69.160000,-338.473000,105.160000
-0.208000,-0.419000,-2.090000,19.511000,-330.198000,78.702000
0.004000,-0.436000,-2.361000,-97.847000,-287.481000,9.695000
0.158000,-0.159000,-2.256000,-203.313000,-235.405000,-54.534000
0.233000,0.192000,-2.016000,-229.802000,-213.756000,-70.473000
0.354000,0.393000,-2.244000,-160.397000,-213.115000,-23.664000
0.489000,0.054000,-2.608000,-57.053000,-200.015000,34.519000
0.467000,-0.417000,-2.636000,10.870000,-173.237000,55.771000
0.298000,-0.592000,-2.227000,26.824000,-156.427000,38.565000
0.364000,-0.599000,-2.142000,12.977000,-141.954000,4.519000
0.486000,-0.390000,-2.102000,-7.664000,-118.000000,-24.473000
0.552000,-0.135000,-1.962000,-17.527000,-96.763000,-34.366000
0.598000,0.019000,-1.843000,-17.130000,-82.382000,-29.221000
0.654000,0.080000,-1.848000,-12.015000,-69.603000,-17.695000
0.681000,0.057000,-1.843000,-9.511000,-52.229000,-7.298000
0.611000,0.036000,-1.653000,-9.053000,-38.305000,-1.557000
0.601000,0.010000,-1.545000,-8.366000,-32.901000,2.122000
0.614000,-0.009000,-1.482000,-5.893000,-25.099000,3.313000
0.603000,-0.012000,-1.378000,-3.847000,-20.870000,4.840000
0.580000,-0.011000,-1.304000,-2.473000,-18.504000,4.748000
0.587000,-0.022000,-1.307000,-4.000000,-13.603000,3.771000
0.599000,-0.033000,-1.274000,-3.282000,-8.550000,3.435000
0.591000,-0.043000,-1.247000,-1.115000,-3.099000,3.832000
0.565000,-0.038000,-1.169000,0.076000,-0.229000,4.473000
0.544000,-0.041000,-1.135000,-2.641000,1.130000,3.160000
0.534000,-0.031000,-1.145000,-8.244000,3.634000,0.351000
0.510000,-0.009000,-1.134000,-11.908000,4.626000,-1.084000
0.527000,-0.010000,-1.164000,-13.405000,6.901000,-1.328000
0.525000,-0.012000,-1.151000,-13.038000,9.664000,-0.962000
0.510000,-0.028000,-1.112000,-10.656000,11.008000,-0.321000
0.509000,-0.044000,-1.094000,-4.947000,11.130000,0.855000
0.508000,-0.040000,-1.090000,1.038000,11.527000,2.031000
0.491000,-0.023000,-1.034000,3.542000,11.145000,2.718000
0.523000,-0.020000,-1.036000,2.092000,11.634000,2.901000
0.539000,-0.023000,-1.026000,-0.947000,13.053000,2.779000
0.556000,-0.018000,-1.008000,-2.168000,14.229000,3.603000
0.559000,-0.012000,-1.024000,-2.198000,15.527000,5.603000
0.529000,-0.031000,-1.001000,-1.069000,16.351000,7.710000
0.520000,-0.066000,-0.991000,-0.473000,15.405000,7.802000
0.523000,-0.078000,-0.991000,0.321000,14.290000,6.275000
0.518000,-0.092000,-0.991000,0.168000,14.870000,4.473000
0.527000,-0.083000,-0.965000,0.122000,14.626000,3.237000
0.526000,-0.073000,-0.943000,-0.855000,11.817000,2.733000
0.539000,-0.083000,-0.957000,-2.336000,10.321000,2.092000
0.530000,-0.098000,-1.003000,-3.679000,11.023000,0.962000
0.540000,-0.104000,-1.015000,-4.351000,12.351000,0.000000
0.531000,-0.106000,-0.990000,-3.786000,11.863000,-1.176000
0.534000,-0.126000,-0.986000,-3.084000,10.718000,-3.160000
0.550000,-0.102000,-0.987000,-2.611000,10.122000,-5.695000
0.553000,-0.067000,-0.969000,-2.244000,9.588000,-6.855000
0.555000,-0.038000,-0.972000,-1.740000,8.473000,-6.519000
0.562000,-0.024000,-0.986000,0.992000,7.649000,-3.924000
0.589000,-0.027000,-1.002000,5.160000,7.740000,-0.366000
0.589000,-0.031000,-1.025000,7.878000,9.802000,2.718000
0.576000,-0.056000,-0.995000,8.626000,10.901000,4.687000
0.566000,-0.068000,-0.974000,7.450000,11.130000,4.992000
0.560000,-0.092000,-0.985000,4.656000,12.183000,3.924000
0.560000,-0.112000,-0.998000,1.954000,13.573000,2.107000
0.509000,-0.136000,-0.944000,0.046000,12.748000,-0.580000
0.542000,-0.139000,-0.936000,-1.466000,9.527000,-3.389000
0.564000,-0.135000,-0.976000,-3.954000,9.481000,-6.534000
0.565000,-0.105000,-0.992000,-6.260000,11.313000,-8.076000
0.565000,-0.087000,-0.998000,-6.351000,12.443000,-7.389000
0.572000,-0.093000,-1.010000,-5.618000,13.756000,-6.733000
0.561000,-0.105000,-0.999000,-4.427000,15.298000,-6.656000
0.566000,-0.102000,-0.990000,-3.160000,15.389000,-7.099000
