0.356000,0.212000,0.892000,-3.313000,2.443000,-3.756000
0.353000,0.225000,0.903000,-1.176000,-2.550000,-1.237000
0.370000,0.217000,0.861000,0.824000,-5.725000,0.809000
0.376000,0.206000,0.862000,1.389000,-7.649000,1.786000
0.356000,0.190000,0.880000,-0.977000,-9.786000,0.244000
0.340000,0.189000,0.902000,-4.031000,-13.603000,-3.313000
0.321000,0.221000,0.883000,-8.855000,-15.374000,-7.221000
0.301000,0.255000,0.890000,-12.183000,-16.504000,-9.328000
0.258000,0.289000,0.927000,-14.626000,-17.756000,-9.298000
0.203000,0.345000,1.011000,-15.786000,-23.344000,-6.290000
0.142000,0.374000,1.035000,-13.008000,-29.191000,-1.466000
0.040000,0.419000,1.124000,-6.733000,-34.748000,4.504000
-0.095000,0.484000,1.336000,-4.305000,-44.901000,9.252000
-0.227000,0.554000,1.544000,-6.901000,-60.779000,13.969000
-0.305000,0.628000,1.681000,-14.702000,-82.443000,19.160000
-0.325000,0.630000,1.709000,-29.756000,-107.191000,24.962000
-0.371000,0.580000,1.651000,-39.603000,-133.924000,31.939000
-0.407000,0.539000,1.541000,-43.374000,-154.885000,36.153000
-0.482000,0.542000,1.577000,-45.435000,-176.473000,40.672000
-0.615000,0.596000,1.639000,-46.870000,-199.053000,46.321000
-0.739000,0.632000,1.761000,-43.298000,-228.382000,55.466000
-0.798000,0.614000,1.830000,-42.443000,-264.504000,64.962000
-0.874000,0.533000,1.776000,-38.733000,-308.107000,73.786000
-0.944000,0.483000,1.789000,-40.458000,-357.496000,76.626000
-1.004000,0.403000,1.633000,-46.427000,-413.313000,77.176000
-1.045000,0.422000,1.458000,-53.954000,-471.557000,78.504000
-1.009000,0.325000,0.935000,-52.244000,-500.275000,79.924000
-0.879000,0.141000,0.445000,-44.382000,-500.275000,77.282000
-0.769000,0.047000,0.286000,-41.053000,-500.275000,69.252000
-0.817000,0.114000,0.335000,-55.038000,-500.275000,59.802000
-0.765000,0.303000,0.075000,-83.450000,-500.275000,56.534000
-0.724000,0.408000,-0.205000,-115.038000,-500.275000,56.901000
-0.796000,0.464000,-0.522000,-126.107000,-500.275000,67.267000
-0.745000,0.431000,-1.050000,-108.885000,-500.275000,97.771000
-0.619000,0.064000,-1.582000,-62.275000,-500.275000,130.412000
-0.559000,-0.348000,-2.024000,-16.275000,-500.275000,151.099000
-0.462000,-0.895000,-2.378000,15.298000,-500.275000,139.252000
-0.158000,-1.029000,-2.783000,20.031000,-444.870000,97.969000
0.042000,-0.577000,-2.752000,-9.878000,-362.122000,61.252000
0.047000,0.027000,-2.475000,-73.863000,-305.099000,56.092000
0.064000,0.093000,-2.371000,-150.718000,-267.954000,59.221000
0.106000,-0.120000,-2.605000,-189.710000,-231.817000,60.672000
0.128000,-0.481000,-2.722000,-177.008000,-199.847000,57.023000
0.119000,-0.750000,-2.703000,-117.771000,-177.176000,49.802000
0.065000,-0.804000,-2.346000,-43.359000,-173.374000,38.748000
0.173000,-0.780000,-2.233000,10.794000,-176.061000,19.695000
0.363000,-0.591000,-2.177000,34.870000,-162.702000,-3.206000
0.545000,-0.230000,-2.119000,34.748000,-140.626000,-13.099000
0.652000,0.061000,-2.023000,22.260000,-112.870000,-5.374000
0.664000,0.173000,-1.924000,3.115000,-86.962000,12.000000
0.587000,0.090000,-1.744000,-17.771000,-68.412000,24.504000
0.531000,-0.084000,-1.673000,-35.115000,-57.344000,26.168000
0.544000,-0.214000,-1.639000,-41.221000,-44.656000,19.695000
0.554000,-0.244000,-1.518000,-35.267000,-35.053000,12.992000
0.554000,-0.232000,-1.403000,-19.557000,-31.863000,11.130000
0.547000,-0.222000,-1.304000,-2.015000,-30.916000,11.649000
0.542000,-0.222000,-1.282000,7.969000,-29.405000,9.511000
0.516000,-0.150000,-1.223000,9.328000,-26.244000,6.733000
0.485000,-0.089000,-1.140000,5.115000,-27.924000,5.832000
0.556000,-0.081000,-1.169000,-3.313000,-30.031000,4.702000
0.613000,-0.076000,-1.250000,-11.389000,-21.420000,3.573000
0.605000,-0.059000,-1.208000,-13.893000,-15.176000,5.710000
0.591000,-0.101000,-1.223000,-10.824000,-11.115000,8.947000
0.575000,-0.194000,-1.288000,-4.137000,-3.985000,8.763000
0.535000,-0.210000,-1.255000,3.191000,3.252000,5.817000
0.423000,-0.148000,-0.996000,9.847000,-4.427000,4.351000
0.490000,-0.159000,-1.090000,10.565000,-8.748000,1.435000
0.543000,-0.121000,-1.130000,5.435000,-2.672000,-1.740000
0.530000,-0.044000,-1.053000,1.359000,-0.412000,0.885000
0.523000,-0.079000,-1.066000,-2.168000,-0.290000,3.817000
0.494000,-0.133000,-1.076000,-6.550000,1.985000,2.733000
0.485000,-0.145000,-1.075000,-6.947000,3.313000,1.206000
0.490000,-0.150000,-1.068000,-2.504000,3.527000,1.573000
0.534000,-0.157000,-1.074000,3.023000,4.916000,1.649000
0.523000,-0.140000,-1.038000,7.313000,7.145000,2.153000
0.498000,-0.109000,-0.956000,9.221000,3.252000,3.466000
0.513000,-0.126000,-0.983000,5.466000,2.779000,2.397000
0.502000,-0.123000,-0.978000,-1.527000,4.412000,0.061000
0.480000,-0.114000,-0.888000,-6.244000,0.885000,-0.183000
0.520000,-0.142000,-0.979000,-9.969000,0.076000,-0.870000
0.534000,-0.150000,-1.005000,-11.099000,3.130000,-1.695000
0.527000,-0.154000,-0.985000,-9.496000,4.061000,-2.198000
0.512000,-0.153000,-0.993000,-5.817000,3.893000,-2.458000
0.469000,-0.130000,-0.929000,-3.878000,0.855000,-2.824000
0.487000,-0.131000,-0.974000,-3.832000,-2.244000,-4.489000
0.500000,-0.104000,-1.010000,-5.359000,-0.382000,-4.748000
0.510000,-0.073000,-1.026000,-4.473000,1.588000,-1.069000
0.515000,-0.097000,-1.022000,-1.206000,4.000000,4.137000
0.490000,-0.140000,-1.010000,1.359000,6.244000,6.153000
0.458000,-0.161000,-0.925000,1.466000,3.802000,4.733000
0.459000,-0.161000,-0.926000,-1.359000,0.076000,0.870000
0.489000,-0.110000,-0.965000,-3.145000,-0.260000,-1.710000
0.504000,-0.057000,-0.989000,-2.931000,0.748000,0.351000
0.522000,-0.067000,-0.995000,-0.840000,1.863000,4.947000
0.514000,-0.116000,-1.011000,1.573000,4.061000,7.893000
0.512000,-0.156000,-0.976000,3.893000,5.252000,8.336000
0.508000,-0.169000,-0.974000,4.198000,4.748000,7.771000
0.480000,-0.191000,-0.979000,2.122000,4.168000,5.664000
0.452000,-0.199000,-0.959000,-1.237000,2.015000,1.725000
0.491000,-0.187000,-1.014000,-5.130000,1.573000,-2.580000
0.516000,-0.137000,-1.023000,-7.374000,2.870000,-3.481000
