0.190000,0.129000,-1.063000,-9.374000,-1.221000,3.435000
0.191000,0.111000,-1.051000,-10.580000,-1.817000,2.870000
0.200000,0.105000,-1.068000,-11.069000,-3.023000,2.321000
0.199000,0.105000,-1.078000,-11.160000,-3.176000,1.542000
0.201000,0.115000,-1.075000,-10.366000,-3.573000,1.481000
0.202000,0.123000,-1.089000,-10.015000,-3.863000,1.664000
0.200000,0.114000,-1.085000,-10.458000,-3.450000,2.198000
0.186000,0.112000,-1.063000,-10.336000,-4.198000,2.412000
0.190000,0.119000,-1.066000,-10.382000,-5.328000,3.130000
0.200000,0.118000,-1.075000,-11.099000,-6.290000,3.908000
0.199000,0.108000,-1.079000,-11.420000,-5.908000,3.481000
0.191000,0.104000,-1.063000,-11.756000,-6.550000,3.099000
0.184000,0.113000,-1.070000,-10.641000,-7.588000,3.130000
0.179000,0.108000,-1.089000,-8.977000,-8.076000,3.267000
0.185000,0.099000,-1.085000,-7.557000,-8.260000,3.679000
0.187000,0.100000,-1.115000,-6.641000,-7.481000,3.908000
0.177000,0.093000,-1.142000,-7.282000,-6.397000,3.939000
0.161000,0.092000,-1.120000,-8.473000,-5.908000,3.237000
0.166000,0.094000,-1.125000,-9.527000,-5.893000,2.321000
0.163000,0.109000,-1.136000,-10.763000,-5.252000,1.481000
0.166000,0.119000,-1.140000,-11.786000,-4.534000,0.198000
0.162000,0.140000,-1.117000,-12.794000,-5.481000,-0.321000
0.165000,0.136000,-1.120000,-13.145000,-5.481000,-0.672000
0.168000,0.127000,-1.114000,-12.718000,-5.298000,-1.160000
0.172000,0.129000,-1.113000,-10.824000,-5.191000,-1.130000
0.194000,0.130000,-1.115000,-8.565000,-4.931000,-1.038000
0.172000,0.127000,-1.115000,-7.466000,-4.718000,-0.916000
0.171000,0.132000,-1.105000,-9.191000,-5.069000,-1.710000
0.162000,0.153000,-1.125000,-12.947000,-5.725000,-2.015000
0.176000,0.170000,-1.171000,-15.710000,-5.160000,-0.580000
0.181000,0.163000,-1.186000,-15.969000,-2.992000,0.977000
0.165000,0.139000,-1.171000,-15.679000,-2.137000,1.802000
0.167000,0.113000,-1.175000,-15.450000,-1.496000,1.496000
0.165000,0.100000,-1.196000,-14.443000,-0.076000,0.489000
0.166000,0.094000,-1.198000,-12.122000,1.359000,-0.015000
0.156000,0.092000,-1.148000,-10.962000,1.649000,-1.420000
0.154000,0.085000,-1.176000,-12.977000,0.840000,-2.519000
0.172000,0.067000,-1.181000,-15.725000,3.313000,-4.687000
0.192000,0.071000,-1.176000,-16.580000,3.771000,-6.260000
0.207000,0.058000,-1.177000,-16.824000,3.740000,-7.298000
0.227000,0.038000,-1.218000,-17.527000,4.779000,-8.809000
0.238000,0.010000,-1.269000,-17.771000,7.008000,-10.931000
0.229000,0.003000,-1.319000,-16.718000,8.733000,-13.069000
0.240000,-0.008000,-1.367000,-15.954000,10.229000,-14.779000
0.289000,-0.044000,-1.453000,-16.397000,13.481000,-16.947000
0.320000,-0.110000,-1.543000,-17.221000,19.298000,-20.260000
0.349000,-0.184000,-1.634000,-19.053000,28.061000,-27.008000
0.361000,-0.210000,-1.664000,-20.672000,37.221000,-33.924000
0.339000,-0.218000,-1.704000,-23.573000,44.809000,-43.008000
0.368000,-0.189000,-1.770000,-25.908000,52.198000,-50.198000
0.406000,-0.180000,-1.846000,-24.672000,61.359000,-55.160000
0.443000,-0.211000,-1.904000,-22.183000,71.664000,-61.298000
0.476000,-0.239000,-1.956000,-19.252000,81.557000,-66.000000
0.475000,-0.296000,-2.064000,-15.573000,92.809000,-71.466000
0.474000,-0.301000,-2.189000,-12.565000,108.901000,-77.649000
0.453000,-0.304000,-2.199000,-14.031000,128.412000,-84.489000
0.388000,-0.315000,-2.134000,-20.626000,146.641000,-92.916000
0.364000,-0.331000,-2.089000,-26.733000,162.076000,-100.916000
0.365000,-0.379000,-2.060000,-28.687000,176.076000,-110.458000
0.358000,-0.385000,-2.150000,-25.405000,187.740000,-116.962000
0.358000,-0.379000,-2.279000,-20.092000,205.557000,-121.924000
0.278000,-0.337000,-2.321000,-15.985000,226.809000,-125.252000
0.171000,-0.315000,-2.260000,-14.473000,248.672000,-129.557000
0.030000,-0.310000,-2.116000,-20.321000,268.733000,-136.672000
-0.072000,-0.340000,-1.954000,-29.847000,284.168000,-148.092000
-0.112000,-0.340000,-1.924000,-32.824000,297.756000,-161.191000
-0.120000,-0.313000,-1.919000,-18.687000,309.557000,-169.664000
-0.160000,-0.200000,-1.923000,7.099000,319.282000,-171.237000
-0.208000,-0.089000,-1.887000,27.771000,333.527000,-170.198000
-0.347000,0.012000,-1.724000,35.710000,347.191000,-170.931000
-0.434000,0.090000,-1.528000,28.397000,357.603000,-176.534000
-0.530000,0.172000,-1.317000,6.092000,362.336000,-184.519000
-0.484000,0.193000,-1.202000,-17.420000,366.137000,-191.969000
-0.413000,0.306000,-1.210000,-31.664000,370.763000,-193.481000
-0.380000,0.418000,-1.312000,-36.321000,381.603000,-185.282000
-0.412000,0.451000,-1.260000,-30.672000,394.901000,-172.168000
-0.562000,0.439000,-1.113000,-19.649000,404.977000,-162.718000
-0.631000,0.461000,-0.927000,-9.511000,409.481000,-160.061000
-0.658000,0.511000,-0.717000,0.244000,407.405000,-159.603000
-0.612000,0.616000,-0.568000,10.412000,399.145000,-157.084000
-0.532000,0.754000,-0.369000,20.290000,385.679000,-148.504000
-0.523000,0.878000,-0.258000,27.053000,367.115000,-131.069000
-0.507000,0.907000,-0.194000,24.489000,352.168000,-113.847000
-0.501000,0.890000,-0.208000,14.489000,344.351000,-100.000000
-0.528000,0.852000,-0.095000,-4.702000,340.595000,-96.336000
-0.505000,0.868000,-0.047000,-23.588000,335.710000,-94.748000
-0.458000,0.908000,0.052000,-34.229000,328.458000,-88.137000
-0.450000,0.913000,0.140000,-27.389000,314.641000,-76.000000
-0.439000,0.932000,0.206000,-4.550000,293.511000,-58.489000
-0.458000,0.899000,0.267000,22.336000,270.824000,-40.366000
-0.494000,0.838000,0.308000,42.702000,248.702000,-29.389000
-0.472000,0.797000,0.347000,51.405000,228.779000,-26.931000
-0.388000,0.808000,0.344000,48.336000,215.863000,-28.565000
-0.340000,0.903000,0.396000,35.695000,206.504000,-29.695000
-0.249000,1.023000,0.471000,16.977000,193.527000,-28.046000
-0.167000,1.077000,0.512000,3.435000,179.053000,-17.053000
-0.123000,0.982000,0.536000,0.931000,163.603000,-5.359000
-0.143000,0.862000,0.576000,7.954000,145.924000,2.947000
-0.128000,0.733000,0.600000,21.023000,127.496000,5.053000
-0.103000,0.703000,0.626000,33.023000,109.924000,0.763000
-0.035000,0.757000,0.686000,37.023000,93.069000,-4.641000
