0.404000,0.135000,0.782000,-5.298000,4.382000,-0.107000
0.397000,0.124000,0.793000,-4.595000,4.595000,0.427000
0.401000,0.114000,0.802000,-2.748000,5.435000,0.748000
0.380000,0.104000,0.823000,-1.924000,4.305000,-0.504000
0.384000,0.116000,0.827000,-1.969000,4.244000,-2.229000
0.368000,0.136000,0.831000,-2.275000,3.313000,-3.191000
0.355000,0.153000,0.838000,-2.168000,2.672000,-3.130000
0.349000,0.162000,0.860000,-2.565000,1.542000,-3.023000
0.325000,0.173000,0.863000,-5.069000,0.931000,-2.992000
0.300000,0.182000,0.872000,-5.969000,-0.458000,-3.344000
0.293000,0.190000,0.895000,-6.473000,-2.305000,-3.328000
0.253000,0.200000,0.894000,-6.198000,-3.420000,-3.588000
0.214000,0.241000,0.989000,-8.275000,-5.985000,-4.885000
0.187000,0.260000,1.032000,-15.557000,-12.260000,-5.588000
0.172000,0.287000,1.020000,-20.595000,-17.664000,-4.107000
0.107000,0.290000,0.995000,-21.588000,-18.611000,-2.656000
0.013000,0.331000,1.142000,-18.137000,-22.443000,0.122000
-0.127000,0.414000,1.309000,-14.992000,-31.176000,3.588000
-0.271000,0.531000,1.562000,-14.794000,-48.351000,9.237000
-0.303000,0.626000,1.756000,-23.786000,-71.389000,18.550000
-0.391000,0.635000,1.822000,-33.878000,-101.206000,29.481000
-0.441000,0.587000,1.793000,-43.740000,-128.702000,37.344000
-0.468000,0.523000,1.778000,-57.954000,-155.634000,40.153000
-0.497000,0.492000,1.737000,-78.718000,-184.840000,38.504000
-0.550000,0.438000,1.548000,-94.931000,-203.389000,35.115000
-0.546000,0.369000,1.503000,-98.916000,-224.000000,32.427000
-0.586000,0.372000,1.502000,-92.412000,-247.847000,33.893000
-0.634000,0.389000,1.661000,-82.947000,-283.847000,39.817000
-0.716000,0.463000,1.783000,-79.679000,-332.550000,49.863000
-0.748000,0.479000,1.651000,-82.397000,-382.962000,60.916000
-0.815000,0.381000,1.433000,-88.885000,-431.069000,66.672000
-0.807000,0.207000,1.024000,-91.603000,-460.504000,61.802000
-0.771000,0.100000,0.786000,-95.756000,-484.153000,50.366000
-0.714000,0.015000,0.483000,-93.511000,-499.466000,34.748000
-0.651000,-0.023000,0.280000,-83.832000,-500.275000,21.863000
-0.676000,0.092000,0.286000,-74.015000,-500.275000,16.153000
-0.731000,0.241000,0.157000,-66.351000,-500.275000,23.099000
-0.728000,0.366000,-0.204000,-57.237000,-500.275000,41.756000
-0.617000,0.484000,-0.673000,-49.084000,-500.275000,68.076000
-0.476000,0.571000,-1.119000,-46.168000,-500.275000,108.412000
-0.309000,0.259000,-1.542000,-36.565000,-500.275000,142.061000
-0.388000,-0.104000,-1.650000,-17.893000,-500.275000,160.000000
-0.460000,-0.661000,-1.928000,5.130000,-481.252000,155.557000
-0.353000,-1.169000,-2.308000,20.092000,-441.542000,116.046000
-0.262000,-1.182000,-2.258000,-4.443000,-387.038000,51.069000
-0.205000,-0.656000,-2.062000,-68.595000,-345.893000,-7.435000
0.031000,-0.031000,-2.108000,-142.702000,-305.878000,-30.656000
0.232000,0.329000,-2.247000,-178.595000,-267.008000,-12.489000
0.302000,0.214000,-2.471000,-148.534000,-232.305000,35.786000
0.195000,-0.217000,-2.352000,-85.496000,-208.962000,77.771000
0.051000,-0.699000,-2.294000,-29.786000,-196.641000,86.137000
-0.087000,-0.947000,-1.968000,-4.794000,-198.885000,58.214000
0.085000,-0.963000,-2.102000,-9.069000,-192.046000,11.618000
0.250000,-0.665000,-2.045000,-24.351000,-174.229000,-24.962000
0.377000,-0.324000,-1.943000,-36.061000,-154.779000,-38.397000
0.498000,-0.124000,-1.915000,-34.519000,-137.206000,-29.756000
0.529000,-0.132000,-1.871000,-23.573000,-119.664000,-14.061000
0.554000,-0.190000,-1.901000,-10.458000,-100.672000,-1.511000
0.489000,-0.219000,-1.767000,-4.000000,-83.740000,4.687000
0.457000,-0.271000,-1.677000,-3.328000,-71.084000,2.611000
0.464000,-0.251000,-1.601000,-5.847000,-59.008000,-3.450000
0.451000,-0.155000,-1.440000,-5.618000,-51.405000,-6.107000
0.495000,-0.134000,-1.340000,-6.000000,-50.031000,-5.298000
0.550000,-0.135000,-1.354000,-7.878000,-42.580000,-4.534000
0.537000,-0.129000,-1.312000,-5.573000,-36.565000,-0.718000
0.525000,-0.169000,-1.309000,-3.802000,-31.099000,2.962000
0.490000,-0.208000,-1.333000,-2.595000,-25.359000,3.191000
0.427000,-0.171000,-1.259000,-3.344000,-23.710000,1.756000
0.450000,-0.180000,-1.345000,-6.641000,-20.412000,-1.221000
0.479000,-0.141000,-1.313000,-9.771000,-13.130000,-3.267000
0.462000,-0.125000,-1.249000,-10.504000,-10.229000,-1.847000
0.489000,-0.154000,-1.234000,-10.031000,-6.321000,-1.008000
0.469000,-0.176000,-1.206000,-8.137000,-1.969000,-1.053000
0.463000,-0.193000,-1.179000,-5.344000,1.328000,-0.901000
0.421000,-0.197000,-1.103000,-1.557000,1.863000,-1.985000
0.406000,-0.185000,-1.094000,1.450000,-0.046000,-3.588000
0.431000,-0.155000,-1.101000,2.137000,0.840000,-5.069000
0.461000,-0.107000,-1.084000,1.344000,2.229000,-4.015000
0.466000,-0.093000,-1.067000,-0.794000,3.740000,-1.405000
0.450000,-0.102000,-1.037000,-5.359000,4.321000,-0.061000
0.448000,-0.145000,-1.022000,-8.992000,5.710000,0.183000
0.419000,-0.151000,-0.988000,-9.802000,5.359000,-0.534000
0.418000,-0.156000,-0.996000,-8.947000,2.611000,-0.809000
0.457000,-0.167000,-1.017000,-7.557000,4.092000,-1.756000
0.460000,-0.148000,-0.981000,-5.756000,3.985000,-1.221000
0.460000,-0.174000,-0.992000,-5.466000,3.313000,-1.267000
0.450000,-0.158000,-0.977000,-6.015000,4.214000,-2.504000
0.421000,-0.137000,-0.968000,-7.863000,2.962000,-3.344000
0.456000,-0.116000,-1.010000,-8.962000,1.863000,-3.466000
0.457000,-0.101000,-1.011000,-8.870000,3.573000,-2.290000
0.449000,-0.089000,-0.971000,-6.000000,1.344000,1.847000
0.462000,-0.132000,-0.992000,-3.588000,0.672000,3.099000
0.451000,-0.150000,-1.007000,-3.053000,-0.015000,2.855000
0.415000,-0.138000,-0.984000,-3.649000,-0.092000,2.580000
0.408000,-0.147000,-0.947000,-5.374000,-4.534000,0.855000
0.424000,-0.142000,-1.027000,-8.092000,-3.023000,-1.450000
0.450000,-0.103000,-1.021000,-7.481000,-1.832000,0.244000
0.454000,-0.122000,-1.043000,-3.908000,-1.008000,3.573000
0.451000,-0.162000,-1.047000,-1.969000,0.519000,4.397000
0.439000,-0.172000,-1.029000,-0.092000,-0.229000,4.168000
0.406000,-0.181000,-1.015000,0.076000,-0.489000,2.733000
0.388000,-0.181000,-0.983000,-0.901000,-4.336000,-0.031000
