0.762000,0.112000,-0.750000,-31.481000,-2.321000,-8.458000
0.761000,0.116000,-0.748000,-35.893000,-2.504000,-9.389000
0.748000,0.115000,-0.743000,-41.099000,-3.023000,-11.298000
0.747000,0.113000,-0.720000,-48.992000,-3.863000,-14.122000
0.743000,0.097000,-0.743000,-57.511000,-3.969000,-18.489000
0.753000,0.094000,-0.787000,-63.344000,-3.206000,-22.015000
0.767000,0.087000,-0.813000,-62.427000,-3.420000,-22.855000
0.785000,0.080000,-0.880000,-52.000000,-3.466000,-20.107000
0.806000,0.054000,-0.962000,-29.176000,-4.382000,-13.664000
0.828000,0.019000,-1.046000,1.374000,-4.229000,-5.466000
0.857000,-0.007000,-1.161000,43.802000,-3.191000,6.718000
0.909000,-0.058000,-1.301000,102.198000,-2.565000,24.137000
0.966000,-0.120000,-1.501000,181.832000,1.176000,47.374000
1.048000,-0.204000,-1.692000,277.206000,12.855000,74.855000
1.013000,-0.223000,-1.651000,366.840000,23.450000,97.420000
1.002000,-0.290000,-1.664000,440.504000,34.290000,110.916000
0.991000,-0.316000,-1.646000,498.031000,47.328000,114.168000
0.987000,-0.427000,-1.704000,500.260000,66.534000,104.397000
0.981000,-0.447000,-1.739000,500.260000,93.084000,88.656000
0.945000,-0.435000,-1.691000,500.260000,113.008000,72.153000
0.906000,-0.424000,-1.662000,500.260000,136.351000,60.061000
0.896000,-0.451000,-1.614000,500.260000,160.718000,49.267000
0.793000,-0.341000,-1.419000,500.260000,176.595000,42.412000
0.667000,-0.335000,-1.266000,500.260000,187.817000,29.130000
0.552000,-0.156000,-0.987000,500.260000,190.809000,15.160000
0.489000,-0.125000,-0.784000,500.260000,189.618000,-9.496000
0.430000,-0.110000,-0.546000,500.260000,190.351000,-44.641000
0.413000,-0.056000,-0.308000,500.260000,188.885000,-81.573000
0.400000,0.089000,0.150000,400.626000,175.863000,-108.550000
0.418000,0.339000,0.657000,325.466000,131.634000,-108.794000
0.553000,0.421000,0.705000,255.328000,88.687000,-93.954000
0.614000,0.205000,0.594000,188.595000,62.015000,-87.954000
0.622000,0.038000,0.425000,136.214000,51.084000,-93.786000
0.613000,-0.008000,0.376000,106.412000,41.893000,-94.122000
0.607000,0.046000,0.363000,97.954000,28.641000,-82.321000
0.643000,0.064000,0.319000,99.160000,14.015000,-66.229000
0.679000,0.045000,0.262000,93.405000,5.069000,-53.435000
0.742000,0.017000,0.198000,77.924000,3.389000,-46.412000
0.751000,-0.043000,0.188000,61.908000,5.588000,-44.046000
0.774000,-0.051000,0.205000,49.115000,4.458000,-41.069000
0.812000,-0.113000,0.155000,43.344000,5.267000,-37.573000
0.838000,-0.169000,0.111000,43.435000,9.252000,-35.878000
0.829000,-0.150000,0.173000,43.588000,10.534000,-33.893000
0.849000,-0.131000,0.180000,46.076000,12.962000,-31.511000
0.843000,-0.095000,0.241000,43.405000,12.137000,-29.634000
0.858000,-0.020000,0.292000,35.145000,9.328000,-27.603000
0.875000,0.028000,0.333000,22.321000,6.015000,-23.466000
0.894000,0.025000,0.328000,8.809000,3.298000,-19.130000
0.908000,0.017000,0.301000,-2.031000,2.702000,-14.031000
0.915000,0.010000,0.287000,-9.267000,2.855000,-6.443000
0.912000,-0.035000,0.248000,-10.626000,4.321000,2.092000
0.901000,-0.121000,0.223000,-8.977000,7.634000,9.756000
0.875000,-0.186000,0.263000,-5.115000,9.649000,14.977000
0.842000,-0.268000,0.277000,-3.267000,9.725000,16.550000
0.838000,-0.313000,0.309000,-4.092000,8.519000,14.855000
0.840000,-0.362000,0.322000,-6.122000,6.046000,10.015000
0.861000,-0.351000,0.335000,-7.420000,3.588000,7.053000
0.869000,-0.354000,0.350000,-7.527000,0.489000,5.145000
0.894000,-0.364000,0.311000,-7.588000,0.061000,3.374000
0.911000,-0.354000,0.312000,-7.466000,0.244000,2.153000
0.914000,-0.336000,0.335000,-7.817000,-0.198000,1.954000
0.907000,-0.353000,0.320000,-7.771000,-1.282000,1.634000
0.893000,-0.361000,0.322000,-7.710000,-2.275000,-0.443000
0.875000,-0.350000,0.316000,-8.198000,-4.794000,-3.405000
0.887000,-0.328000,0.276000,-10.321000,-6.779000,-6.015000
0.899000,-0.306000,0.244000,-11.588000,-6.733000,-7.924000
0.918000,-0.273000,0.225000,-10.748000,-5.649000,-6.305000
0.915000,-0.252000,0.231000,-9.924000,-4.794000,-3.450000
0.935000,-0.260000,0.198000,-10.473000,-1.725000,-1.527000
0.937000,-0.274000,0.207000,-10.000000,2.718000,0.229000
0.913000,-0.275000,0.237000,-7.618000,4.321000,3.069000
0.907000,-0.288000,0.257000,-6.076000,4.718000,4.672000
0.872000,-0.314000,0.275000,-8.000000,4.458000,3.847000
0.865000,-0.318000,0.293000,-9.847000,3.618000,1.176000
0.866000,-0.301000,0.300000,-11.450000,1.649000,-0.015000
0.881000,-0.295000,0.292000,-12.000000,0.534000,0.244000
0.884000,-0.306000,0.274000,-11.878000,0.473000,0.000000
0.901000,-0.308000,0.263000,-10.366000,2.122000,0.641000
0.901000,-0.311000,0.275000,-8.061000,3.679000,2.031000
0.904000,-0.318000,0.297000,-6.046000,4.824000,3.588000
0.893000,-0.330000,0.318000,-5.847000,5.389000,3.389000
0.880000,-0.364000,0.329000,-5.878000,4.565000,2.321000
0.858000,-0.366000,0.351000,-6.672000,1.802000,0.214000
0.850000,-0.357000,0.357000,-8.000000,-0.901000,-2.473000
0.850000,-0.340000,0.338000,-9.893000,-3.786000,-5.115000
0.854000,-0.325000,0.313000,-10.641000,-6.473000,-7.145000
0.864000,-0.295000,0.298000,-10.504000,-8.107000,-7.664000
0.884000,-0.257000,0.263000,-10.244000,-8.427000,-6.992000
0.916000,-0.237000,0.236000,-10.412000,-7.252000,-4.977000
0.939000,-0.243000,0.219000,-9.924000,-3.496000,-1.008000
0.933000,-0.305000,0.213000,-8.137000,0.626000,1.374000
0.921000,-0.324000,0.243000,-4.244000,3.008000,3.313000
0.902000,-0.343000,0.266000,-2.092000,3.420000,3.893000
0.886000,-0.354000,0.289000,-3.221000,2.641000,2.183000
0.872000,-0.357000,0.319000,-5.389000,0.565000,-0.702000
0.869000,-0.337000,0.323000,-7.954000,-2.092000,-3.679000
0.897000,-0.306000,0.294000,-10.107000,-3.359000,-5.313000
0.902000,-0.298000,0.282000,-12.168000,-3.664000,-5.374000
0.925000,-0.282000,0.240000,-12.534000,-3.038000,-4.366000
0.927000,-0.276000,0.251000,-12.183000,-1.145000,-2.260000
0.928000,-0.296000,0.254000,-10.534000,0.397000,0.305000
