0.841000,0.040000,-0.734000,-8.931000,0.840000,-5.664000
0.844000,0.041000,-0.744000,-8.198000,1.206000,-5.710000
0.844000,0.033000,-0.738000,-5.237000,1.130000,-5.008000
0.863000,0.022000,-0.750000,0.473000,1.176000,-2.885000
0.865000,0.024000,-0.766000,8.824000,1.771000,0.275000
0.860000,0.017000,-0.768000,15.130000,2.214000,2.641000
0.861000,0.012000,-0.755000,19.435000,2.763000,3.450000
0.862000,0.016000,-0.760000,20.855000,3.374000,2.748000
0.870000,0.025000,-0.768000,23.969000,3.954000,2.672000
0.841000,-0.034000,-0.749000,50.214000,1.634000,11.969000
0.889000,-0.095000,-0.829000,109.344000,0.626000,38.290000
0.926000,-0.107000,-0.905000,196.947000,-0.137000,80.275000
0.963000,-0.159000,-1.007000,295.191000,3.466000,129.725000
1.013000,-0.323000,-1.057000,366.351000,12.870000,156.305000
0.986000,-0.468000,-1.032000,408.931000,21.359000,158.489000
0.978000,-0.681000,-1.031000,438.092000,26.000000,145.328000
1.042000,-1.067000,-1.348000,500.260000,34.656000,143.450000
1.084000,-1.180000,-1.571000,500.260000,52.870000,171.405000
1.062000,-1.370000,-1.703000,500.260000,66.687000,199.252000
0.972000,-1.538000,-1.613000,500.260000,71.481000,193.664000
0.766000,-1.681000,-1.439000,500.260000,57.099000,142.366000
0.569000,-1.615000,-1.353000,500.260000,33.649000,69.618000
0.425000,-1.518000,-1.321000,500.260000,10.855000,-12.901000
0.378000,-1.507000,-1.388000,500.260000,3.908000,-106.443000
0.416000,-0.964000,-1.504000,500.260000,14.397000,-182.397000
0.515000,-0.378000,-1.347000,500.260000,37.573000,-238.611000
0.539000,0.234000,-1.051000,500.260000,65.695000,-274.702000
0.641000,1.213000,-0.504000,477.389000,84.687000,-271.237000
0.600000,1.972000,0.057000,400.550000,65.206000,-184.565000
0.699000,1.769000,0.314000,313.298000,37.557000,-106.473000
0.652000,1.359000,0.401000,209.832000,14.901000,-76.305000
0.661000,1.135000,0.431000,109.603000,-5.618000,-65.481000
0.664000,0.956000,0.370000,40.672000,-20.641000,-47.740000
0.684000,0.668000,0.284000,8.305000,-30.779000,-20.687000
0.746000,0.300000,0.139000,-2.779000,-30.931000,-0.260000
0.787000,0.012000,0.050000,-6.382000,-22.305000,4.260000
0.824000,-0.106000,0.021000,-5.038000,-11.374000,1.908000
0.866000,-0.108000,0.045000,0.733000,-1.099000,4.260000
0.897000,-0.115000,0.100000,6.855000,10.229000,8.534000
0.890000,-0.172000,0.167000,10.977000,18.198000,9.740000
0.882000,-0.182000,0.284000,10.565000,23.420000,7.771000
0.844000,-0.151000,0.408000,6.992000,22.473000,6.992000
0.806000,-0.149000,0.490000,1.527000,16.534000,5.160000
0.786000,-0.140000,0.514000,-6.427000,7.405000,1.649000
0.795000,-0.113000,0.504000,-13.893000,-2.794000,-1.649000
0.858000,-0.091000,0.411000,-17.405000,-8.046000,-1.435000
0.904000,-0.097000,0.351000,-17.908000,-8.977000,1.267000
0.979000,-0.119000,0.298000,-18.153000,-3.008000,3.130000
0.978000,-0.130000,0.320000,-17.466000,4.794000,6.641000
0.936000,-0.142000,0.378000,-18.107000,7.679000,8.977000
0.885000,-0.185000,0.420000,-23.756000,6.458000,7.466000
0.871000,-0.196000,0.396000,-28.015000,4.916000,5.053000
0.875000,-0.204000,0.369000,-28.427000,3.985000,4.061000
0.873000,-0.231000,0.367000,-25.420000,4.153000,4.214000
0.863000,-0.257000,0.382000,-21.176000,4.137000,4.137000
0.856000,-0.279000,0.404000,-16.656000,3.969000,1.863000
0.860000,-0.254000,0.402000,-14.061000,3.664000,0.443000
0.871000,-0.206000,0.391000,-14.718000,2.870000,0.290000
0.875000,-0.173000,0.391000,-17.252000,2.214000,1.038000
0.869000,-0.149000,0.375000,-20.580000,0.870000,2.702000
0.864000,-0.139000,0.377000,-26.244000,-1.466000,3.496000
0.857000,-0.127000,0.360000,-32.412000,-3.389000,3.649000
0.848000,-0.124000,0.338000,-37.374000,-5.679000,4.275000
0.847000,-0.101000,0.340000,-41.756000,-7.450000,7.176000
0.844000,-0.105000,0.311000,-45.908000,-8.901000,10.183000
0.841000,-0.118000,0.292000,-51.099000,-9.649000,11.389000
0.858000,-0.122000,0.266000,-57.221000,-8.427000,11.130000
0.869000,-0.118000,0.249000,-62.611000,-5.481000,12.092000
0.870000,-0.095000,0.242000,-67.282000,-2.153000,13.771000
0.869000,-0.069000,0.231000,-74.947000,0.870000,16.458000
0.848000,-0.065000,0.274000,-86.214000,2.046000,18.656000
0.830000,-0.035000,0.317000,-101.725000,0.427000,21.130000
0.813000,-0.004000,0.345000,-121.176000,-3.435000,23.466000
0.797000,0.000000,0.382000,-144.137000,-8.977000,24.962000
0.795000,0.036000,0.380000,-169.847000,-17.649000,27.786000
0.791000,0.039000,0.377000,-200.947000,-25.634000,30.366000
0.799000,0.037000,0.346000,-238.153000,-34.718000,30.015000
0.820000,-0.036000,0.251000,-274.198000,-41.359000,28.046000
0.877000,-0.066000,0.135000,-305.496000,-43.328000,26.198000
0.914000,-0.059000,0.034000,-337.542000,-40.565000,25.420000
0.865000,-0.042000,0.032000,-365.130000,-39.786000,29.924000
0.775000,-0.036000,0.107000,-396.947000,-47.466000,34.397000
0.707000,-0.104000,0.105000,-435.298000,-62.305000,33.832000
0.631000,-0.155000,0.103000,-473.481000,-81.863000,29.786000
0.636000,-0.235000,-0.011000,-500.275000,-100.733000,22.489000
0.642000,-0.271000,-0.195000,-500.275000,-115.267000,16.611000
0.684000,-0.326000,-0.390000,-500.275000,-123.679000,12.092000
0.786000,-0.434000,-0.634000,-500.275000,-122.015000,1.298000
0.869000,-0.462000,-0.868000,-500.275000,-111.359000,-5.557000
0.915000,-0.418000,-0.997000,-500.275000,-94.031000,-0.763000
0.940000,-0.448000,-1.051000,-500.275000,-72.366000,6.214000
0.881000,-0.538000,-0.996000,-496.351000,-56.885000,5.359000
0.829000,-0.678000,-0.899000,-491.282000,-50.168000,-12.901000
0.804000,-0.756000,-0.853000,-485.817000,-47.313000,-39.160000
0.809000,-0.764000,-0.824000,-474.672000,-47.084000,-65.344000
0.878000,-0.753000,-0.869000,-449.985000,-45.130000,-85.954000
0.907000,-0.676000,-0.904000,-405.710000,-40.885000,-93.939000
0.962000,-0.600000,-0.947000,-352.229000,-35.099000,-90.565000
0.950000,-0.521000,-0.918000,-296.855000,-26.977000,-81.847000
0.939000,-0.345000,-0.912000,-258.458000,-21.985000,-76.214000
