0.750000,0.060000,-0.792000,-19.756000,-3.328000,-6.076000
0.753000,0.066000,-0.799000,-20.931000,-3.267000,-6.779000
0.753000,0.065000,-0.795000,-22.015000,-3.450000,-7.298000
0.752000,0.059000,-0.801000,-23.313000,-3.786000,-7.878000
0.744000,0.051000,-0.803000,-26.137000,-4.244000,-9.878000
0.738000,0.047000,-0.816000,-29.115000,-5.160000,-12.260000
0.744000,0.048000,-0.830000,-31.145000,-5.985000,-14.534000
0.764000,0.051000,-0.868000,-31.115000,-5.481000,-15.786000
0.761000,0.072000,-0.849000,-31.618000,-4.641000,-16.305000
0.748000,0.074000,-0.833000,-37.374000,-4.885000,-18.458000
0.745000,0.071000,-0.850000,-46.321000,-5.282000,-22.519000
0.754000,0.041000,-0.900000,-50.198000,-5.878000,-26.519000
0.772000,-0.008000,-1.014000,-40.611000,-5.145000,-27.618000
0.823000,-0.007000,-1.144000,-10.076000,-3.664000,-20.870000
0.889000,-0.017000,-1.322000,38.626000,-0.931000,-4.550000
0.938000,-0.041000,-1.426000,106.870000,2.702000,15.313000
0.978000,-0.048000,-1.539000,176.656000,10.779000,40.473000
1.013000,-0.095000,-1.611000,243.130000,23.298000,60.916000
1.010000,-0.149000,-1.628000,305.405000,38.076000,76.137000
1.025000,-0.250000,-1.731000,373.023000,59.389000,85.298000
0.927000,-0.315000,-1.590000,430.046000,71.985000,86.229000
0.902000,-0.301000,-1.592000,483.908000,81.191000,86.702000
0.946000,-0.359000,-1.698000,500.260000,96.489000,81.466000
0.940000,-0.345000,-1.704000,500.260000,120.351000,72.244000
0.905000,-0.350000,-1.628000,500.260000,144.489000,57.069000
0.773000,-0.275000,-1.448000,500.260000,164.015000,43.435000
0.735000,-0.164000,-1.258000,500.260000,175.069000,38.321000
0.693000,-0.148000,-1.195000,500.260000,184.046000,35.191000
0.606000,-0.114000,-1.040000,500.260000,196.275000,23.221000
0.500000,-0.073000,-0.797000,500.260000,200.611000,7.328000
0.420000,0.103000,-0.379000,500.260000,192.504000,-10.076000
0.371000,0.147000,0.018000,500.260000,178.992000,-40.336000
0.363000,0.125000,0.297000,375.115000,162.977000,-79.969000
0.314000,0.069000,0.527000,242.992000,142.473000,-120.214000
0.351000,0.163000,0.754000,154.412000,106.870000,-135.908000
0.464000,0.227000,0.718000,116.611000,60.916000,-118.779000
0.616000,0.137000,0.420000,108.718000,31.160000,-92.733000
0.716000,-0.013000,0.157000,104.397000,23.878000,-78.336000
0.735000,-0.026000,0.115000,96.595000,25.664000,-69.832000
0.715000,0.018000,0.195000,89.634000,21.313000,-56.916000
0.728000,0.033000,0.229000,83.893000,16.397000,-43.557000
0.747000,-0.006000,0.246000,71.710000,9.099000,-33.313000
0.803000,-0.086000,0.172000,53.267000,7.908000,-29.603000
0.828000,-0.195000,0.129000,36.183000,12.458000,-31.542000
0.842000,-0.242000,0.152000,28.427000,14.321000,-33.313000
0.826000,-0.208000,0.202000,26.565000,11.924000,-30.168000
0.868000,-0.257000,0.170000,31.435000,11.817000,-27.435000
0.890000,-0.251000,0.179000,33.924000,10.809000,-25.908000
0.907000,-0.196000,0.200000,33.878000,10.183000,-23.221000
0.924000,-0.160000,0.222000,31.405000,8.855000,-18.870000
0.935000,-0.138000,0.250000,25.649000,6.656000,-12.824000
0.940000,-0.166000,0.228000,16.565000,5.847000,-8.595000
0.932000,-0.190000,0.234000,6.397000,6.382000,-5.344000
0.914000,-0.257000,0.208000,-0.885000,6.550000,-2.855000
0.909000,-0.293000,0.188000,-2.107000,7.878000,-0.718000
0.893000,-0.321000,0.199000,-0.855000,7.389000,2.244000
0.854000,-0.336000,0.225000,0.198000,5.069000,4.580000
0.872000,-0.370000,0.219000,2.962000,5.405000,3.863000
0.856000,-0.381000,0.250000,0.824000,2.458000,1.908000
0.855000,-0.353000,0.266000,-3.908000,-1.847000,-1.115000
0.882000,-0.350000,0.231000,-9.420000,-4.672000,-4.336000
0.906000,-0.340000,0.215000,-14.519000,-5.756000,-5.985000
0.954000,-0.325000,0.191000,-17.053000,-5.191000,-4.397000
0.961000,-0.333000,0.176000,-17.527000,-3.496000,-1.985000
0.950000,-0.375000,0.151000,-16.275000,-1.069000,-0.748000
0.936000,-0.407000,0.126000,-11.450000,1.511000,-0.473000
0.916000,-0.416000,0.159000,-5.893000,2.397000,-0.550000
0.896000,-0.408000,0.187000,-2.763000,2.427000,-2.229000
0.882000,-0.381000,0.189000,-3.588000,2.229000,-5.252000
0.870000,-0.350000,0.217000,-6.748000,0.840000,-7.679000
0.875000,-0.314000,0.227000,-10.534000,-1.664000,-8.290000
0.895000,-0.292000,0.213000,-14.718000,-3.099000,-7.466000
0.921000,-0.281000,0.197000,-17.725000,-2.321000,-5.176000
0.930000,-0.301000,0.178000,-18.809000,-0.504000,-1.405000
0.938000,-0.341000,0.179000,-16.565000,1.679000,2.153000
0.922000,-0.382000,0.177000,-12.763000,3.176000,4.656000
0.897000,-0.417000,0.198000,-9.328000,4.229000,4.015000
0.877000,-0.422000,0.215000,-6.702000,3.893000,1.557000
0.864000,-0.414000,0.238000,-4.397000,1.038000,-0.885000
0.886000,-0.386000,0.244000,-3.924000,-1.344000,-2.916000
0.902000,-0.361000,0.245000,-6.565000,-2.046000,-3.649000
0.909000,-0.353000,0.250000,-10.031000,-3.298000,-4.061000
0.916000,-0.344000,0.237000,-13.603000,-3.847000,-4.122000
0.915000,-0.355000,0.221000,-15.359000,-4.366000,-3.817000
0.918000,-0.357000,0.190000,-13.282000,-3.878000,-2.901000
0.919000,-0.372000,0.159000,-9.527000,-2.672000,-1.695000
0.907000,-0.364000,0.166000,-5.481000,-1.466000,-0.885000
0.888000,-0.368000,0.188000,-3.023000,-1.435000,-1.282000
0.888000,-0.349000,0.192000,-4.366000,-2.275000,-2.840000
0.891000,-0.335000,0.206000,-7.740000,-3.878000,-4.519000
0.897000,-0.329000,0.198000,-11.313000,-5.695000,-5.527000
0.912000,-0.318000,0.174000,-14.855000,-6.260000,-6.198000
0.933000,-0.318000,0.154000,-17.542000,-5.634000,-5.206000
0.939000,-0.310000,0.146000,-17.710000,-4.427000,-2.916000
0.944000,-0.330000,0.123000,-16.718000,-2.534000,-0.595000
0.941000,-0.360000,0.127000,-13.511000,-0.061000,1.725000
0.923000,-0.385000,0.140000,-9.649000,1.618000,2.672000
0.919000,-0.409000,0.155000,-7.145000,2.626000,1.985000
0.911000,-0.407000,0.186000,-5.573000,3.206000,0.840000
0.895000,-0.398000,0.206000,-6.168000,1.954000,-1.008000
