-0.091000,0.241000,0.930000,-9.542000,-0.687000,-1.237000
-0.087000,0.249000,0.931000,-9.496000,-0.504000,-1.206000
-0.091000,0.250000,0.937000,-9.817000,-0.275000,-1.252000
-0.092000,0.242000,0.938000,-9.649000,0.000000,-1.496000
-0.117000,0.251000,0.985000,-8.931000,-0.550000,-1.511000
-0.146000,0.230000,1.043000,-5.405000,-3.679000,-1.252000
-0.132000,0.249000,1.028000,0.000000,-6.519000,-1.481000
-0.251000,0.231000,1.224000,6.519000,-13.130000,-1.145000
-0.219000,0.191000,1.233000,23.145000,-25.878000,-0.672000
-0.334000,0.251000,1.463000,41.939000,-37.496000,-2.137000
-0.400000,0.366000,1.424000,48.626000,-58.046000,0.366000
-0.211000,0.405000,1.310000,40.977000,-63.420000,3.924000
-0.472000,0.646000,1.580000,21.878000,-74.656000,10.168000
-0.339000,0.492000,1.411000,9.328000,-91.481000,14.473000
-0.323000,0.537000,1.322000,8.733000,-100.031000,19.649000
-0.192000,0.510000,1.112000,-9.634000,-105.374000,24.290000
-0.093000,0.361000,0.963000,-11.328000,-105.160000,24.534000
-0.035000,0.350000,0.926000,-7.908000,-105.328000,26.031000
0.052000,0.300000,0.747000,-8.092000,-104.015000,27.191000
0.227000,0.140000,0.457000,-14.702000,-94.473000,25.099000
0.296000,0.019000,0.529000,-8.122000,-81.298000,19.069000
0.161000,0.078000,0.844000,10.107000,-76.366000,14.473000
0.059000,0.249000,1.000000,12.397000,-79.191000,14.260000
0.001000,0.277000,1.069000,11.130000,-81.603000,12.641000
0.034000,0.367000,0.928000,2.885000,-84.962000,14.489000
0.093000,0.319000,0.943000,-1.237000,-85.924000,14.015000
0.135000,0.369000,0.902000,3.053000,-86.931000,15.740000
0.140000,0.356000,0.925000,-0.168000,-85.588000,15.847000
0.104000,0.340000,0.937000,3.557000,-87.557000,17.466000
0.165000,0.414000,0.792000,-7.954000,-85.313000,19.374000
0.314000,0.165000,0.692000,-9.252000,-85.145000,17.374000
0.318000,0.174000,0.758000,2.748000,-78.962000,15.115000
0.291000,0.213000,0.833000,6.611000,-73.145000,11.985000
0.245000,0.276000,0.806000,1.450000,-71.634000,12.290000
0.278000,0.241000,0.820000,-2.000000,-69.145000,9.191000
0.354000,0.259000,0.718000,-1.420000,-66.748000,8.687000
0.340000,0.249000,0.785000,-1.710000,-61.985000,5.969000
0.343000,0.308000,0.777000,-1.511000,-60.183000,6.275000
0.338000,0.317000,0.740000,-6.977000,-56.260000,4.885000
0.398000,0.293000,0.761000,-8.504000,-52.214000,3.221000
0.312000,0.305000,0.765000,-3.176000,-49.771000,5.496000
0.446000,0.309000,0.551000,-14.931000,-45.557000,4.290000
0.463000,0.179000,0.695000,-9.542000,-36.916000,1.099000
0.403000,0.284000,0.802000,-1.160000,-33.847000,1.374000
0.368000,0.341000,0.809000,-3.176000,-32.489000,1.496000
0.350000,0.337000,0.753000,-10.489000,-33.771000,1.267000
0.445000,0.279000,0.649000,-20.260000,-31.252000,-0.458000
0.458000,0.221000,0.669000,-15.298000,-26.550000,-2.061000
0.467000,0.259000,0.733000,-12.885000,-22.947000,-4.595000
0.437000,0.281000,0.749000,-9.099000,-19.466000,-4.916000
0.388000,0.326000,0.791000,-8.718000,-19.038000,-5.206000
0.435000,0.342000,0.748000,-11.237000,-17.405000,-4.870000
0.444000,0.304000,0.734000,-8.397000,-13.038000,-5.298000
0.445000,0.327000,0.709000,-4.000000,-9.344000,-4.214000
0.462000,0.360000,0.693000,-2.641000,-5.740000,-3.252000
0.420000,0.381000,0.751000,1.374000,-1.939000,-1.939000
0.390000,0.429000,0.757000,-1.069000,-1.328000,0.244000
0.414000,0.389000,0.713000,-7.359000,-1.542000,1.725000
0.464000,0.318000,0.710000,-6.183000,1.008000,1.618000
0.408000,0.342000,0.790000,-0.702000,4.626000,2.534000
0.389000,0.369000,0.804000,-3.435000,2.137000,3.466000
0.367000,0.341000,0.862000,-8.565000,1.282000,3.466000
0.359000,0.325000,0.837000,-11.252000,-3.344000,4.275000
0.457000,0.249000,0.705000,-15.710000,-1.832000,3.542000
0.484000,0.219000,0.720000,-11.847000,0.870000,1.588000
0.437000,0.267000,0.793000,-9.557000,2.824000,0.397000
0.384000,0.293000,0.824000,-6.885000,1.985000,-0.092000
0.429000,0.312000,0.787000,-12.015000,3.344000,-0.580000
0.387000,0.330000,0.881000,-9.237000,1.832000,-0.870000
0.382000,0.348000,0.933000,-11.771000,1.145000,-0.947000
0.342000,0.368000,0.964000,-10.122000,-1.908000,-0.321000
0.371000,0.336000,0.915000,-15.298000,-3.649000,-0.458000
0.403000,0.331000,0.879000,-14.611000,-4.168000,-0.779000
0.417000,0.307000,0.804000,-16.244000,-3.176000,-0.595000
0.425000,0.297000,0.794000,-14.702000,-2.107000,-1.206000
0.447000,0.290000,0.769000,-13.817000,-0.855000,-1.786000
0.389000,0.321000,0.859000,-10.779000,0.076000,-1.053000
0.390000,0.349000,0.853000,-10.153000,-0.748000,-1.145000
0.394000,0.302000,0.920000,-10.443000,-0.489000,-1.298000
0.353000,0.335000,0.945000,-9.496000,-2.366000,-1.618000
0.381000,0.345000,0.902000,-13.496000,-3.405000,-1.542000
0.388000,0.323000,0.887000,-14.183000,-5.252000,-1.771000
0.407000,0.322000,0.858000,-13.786000,-4.702000,-1.389000
0.367000,0.347000,0.875000,-15.069000,-5.618000,-1.099000
0.404000,0.320000,0.806000,-21.450000,-7.130000,-1.466000
0.427000,0.280000,0.796000,-21.573000,-5.618000,-2.321000
0.420000,0.288000,0.807000,-20.641000,-5.939000,-2.824000
0.434000,0.310000,0.782000,-20.427000,-4.641000,-2.885000
0.419000,0.295000,0.779000,-18.412000,-3.573000,-3.374000
0.431000,0.300000,0.791000,-17.176000,-3.542000,-2.977000
0.435000,0.295000,0.780000,-14.962000,-1.817000,-2.550000
0.433000,0.296000,0.804000,-12.840000,-0.137000,-2.641000
0.409000,0.325000,0.829000,-11.496000,0.290000,-2.092000
0.415000,0.322000,0.844000,-10.870000,0.015000,-1.847000
0.397000,0.356000,0.882000,-10.595000,1.389000,-1.786000
0.398000,0.342000,0.843000,-10.641000,0.763000,-0.916000
0.399000,0.331000,0.862000,-10.046000,0.763000,-0.244000
0.420000,0.339000,0.819000,-9.817000,0.748000,0.550000
