0.875000,0.400000,-0.484000,0.962000,5.130000,1.450000
0.768000,0.404000,-0.436000,4.840000,-6.061000,5.023000
0.811000,0.360000,-0.607000,-1.863000,-6.137000,6.427000
0.813000,0.349000,-0.584000,-3.038000,-1.710000,5.359000
0.825000,0.342000,-0.555000,-4.519000,-2.748000,5.389000
0.830000,0.321000,-0.506000,1.115000,-1.130000,3.481000
0.810000,0.319000,-0.547000,2.763000,-1.679000,3.649000
0.823000,0.323000,-0.525000,3.145000,-1.573000,2.565000
0.844000,0.333000,-0.487000,8.550000,-3.374000,-0.183000
0.857000,0.238000,-0.407000,20.519000,-7.084000,-7.939000
0.866000,0.240000,-0.396000,30.504000,-16.672000,-16.137000
0.821000,0.330000,-0.481000,39.893000,-25.466000,-16.656000
0.668000,0.507000,-0.513000,35.817000,-29.359000,-8.458000
0.860000,0.351000,-0.539000,26.260000,-32.855000,-7.557000
0.855000,0.321000,-0.605000,15.588000,-33.389000,-8.412000
0.778000,0.386000,-0.736000,15.573000,-25.176000,-8.275000
0.773000,0.384000,-0.661000,6.779000,-19.053000,-4.763000
0.782000,0.389000,-0.636000,-4.779000,-16.504000,-1.069000
0.793000,0.384000,-0.626000,-10.473000,-14.702000,3.740000
0.822000,0.322000,-0.657000,-13.863000,-11.115000,4.885000
0.818000,0.313000,-0.684000,-13.863000,-5.710000,2.641000
0.811000,0.347000,-0.678000,-11.282000,-0.641000,5.069000
0.820000,0.357000,-0.673000,-13.145000,3.420000,8.473000
0.817000,0.328000,-0.654000,-16.885000,7.573000,8.809000
0.810000,0.323000,-0.586000,-15.725000,7.695000,8.046000
0.818000,0.303000,-0.577000,-10.580000,5.405000,7.405000
0.817000,0.314000,-0.624000,-11.740000,6.565000,6.198000
0.817000,0.299000,-0.628000,-16.061000,6.687000,3.939000
0.832000,0.316000,-0.749000,-24.763000,9.359000,1.664000
0.811000,0.325000,-0.788000,-38.351000,18.992000,2.031000
0.766000,0.303000,-0.669000,-50.351000,27.695000,7.863000
0.742000,0.307000,-0.401000,-38.290000,24.168000,12.550000
0.865000,0.234000,-0.395000,-23.145000,16.718000,10.137000
0.578000,0.649000,1.720000,49.939000,-61.664000,15.267000
0.881000,0.381000,-0.877000,15.511000,-38.611000,-2.382000
0.829000,0.370000,-0.889000,-0.824000,-21.863000,-5.282000
0.786000,0.249000,-0.801000,-35.908000,-14.947000,-8.656000
0.885000,0.241000,-0.761000,-27.252000,-3.985000,-8.229000
0.845000,0.211000,-0.731000,-18.550000,7.542000,-11.481000
0.696000,0.406000,-0.742000,-16.458000,20.992000,-5.221000
0.823000,0.448000,-0.479000,-17.267000,18.153000,3.588000
0.821000,0.345000,-0.436000,-17.588000,5.817000,5.374000
0.798000,0.255000,-0.489000,-24.092000,-2.672000,3.878000
0.815000,0.197000,-0.219000,-13.084000,-22.702000,-2.168000
0.853000,0.313000,-0.610000,8.794000,-18.137000,-5.176000
0.855000,0.301000,-0.800000,5.221000,-5.267000,-5.603000
0.880000,0.213000,-0.866000,-11.176000,10.382000,-16.122000
0.754000,0.266000,-0.711000,-21.069000,21.893000,-22.550000
0.855000,0.347000,-0.428000,-4.565000,15.603000,-18.321000
0.832000,0.335000,-0.392000,17.344000,4.336000,-15.069000
0.771000,0.369000,-0.528000,18.153000,-0.443000,-13.542000
0.716000,0.476000,-0.572000,-1.267000,-5.695000,-4.565000
0.708000,0.497000,-0.644000,-19.298000,-5.313000,10.733000
0.802000,0.377000,-0.711000,-29.206000,3.511000,16.244000
0.791000,0.350000,-0.685000,-43.069000,9.389000,19.832000
0.824000,0.295000,-0.707000,-50.901000,11.511000,23.115000
0.833000,0.236000,-0.570000,-49.344000,19.817000,18.962000
0.597000,0.714000,1.558000,12.931000,-49.191000,30.168000
1.021000,0.282000,-0.918000,12.916000,-29.649000,11.374000
0.921000,0.189000,-0.939000,-5.084000,-7.679000,-2.183000
0.792000,0.201000,-0.752000,-24.733000,-3.191000,-11.908000
0.935000,0.310000,-0.724000,-7.282000,6.427000,-8.580000
0.844000,0.363000,-0.696000,2.672000,18.198000,-6.748000
0.724000,0.441000,-0.643000,0.305000,21.008000,-0.565000
0.810000,0.429000,-0.413000,-0.321000,15.298000,4.931000
0.798000,0.319000,-0.363000,-3.160000,-3.389000,5.160000
0.780000,0.302000,-0.486000,-5.954000,-12.153000,2.397000
0.807000,0.315000,-0.519000,-5.985000,-13.969000,1.374000
0.809000,0.305000,-0.555000,-6.550000,-16.427000,-1.115000
0.827000,0.312000,-0.625000,-7.832000,-15.450000,-3.405000
0.839000,0.347000,-0.698000,-8.198000,-8.931000,-4.092000
0.825000,0.348000,-0.708000,-9.618000,-1.405000,-2.656000
0.822000,0.347000,-0.668000,-10.641000,2.489000,-0.382000
0.794000,0.356000,-0.587000,-9.160000,5.802000,0.840000
0.794000,0.354000,-0.550000,-8.458000,3.099000,3.237000
0.790000,0.333000,-0.556000,-7.756000,1.878000,4.443000
0.812000,0.312000,-0.545000,-7.466000,0.137000,4.351000
0.816000,0.289000,-0.559000,-7.740000,-1.603000,2.611000
0.809000,0.285000,-0.570000,-8.733000,-2.382000,0.779000
0.837000,0.262000,-0.595000,-9.328000,-1.817000,-2.489000
0.824000,0.289000,-0.604000,-11.252000,0.656000,-5.328000
0.825000,0.312000,-0.618000,-9.664000,3.481000,-4.702000
0.808000,0.329000,-0.547000,-7.756000,3.573000,-3.588000
0.810000,0.328000,-0.575000,-12.763000,0.107000,-2.794000
0.826000,0.339000,-0.558000,-13.084000,-0.153000,-2.824000
0.814000,0.355000,-0.552000,-11.878000,-1.695000,-0.855000
0.813000,0.346000,-0.583000,-11.695000,-1.832000,0.855000
0.831000,0.313000,-0.601000,-11.740000,-0.992000,0.534000
0.830000,0.309000,-0.615000,-11.878000,-0.321000,-0.443000
0.834000,0.302000,-0.621000,-12.198000,0.565000,-1.893000
0.846000,0.293000,-0.637000,-13.481000,2.061000,-3.145000
0.824000,0.306000,-0.608000,-13.099000,3.267000,-4.351000
0.826000,0.335000,-0.573000,-10.672000,2.931000,-2.962000
0.816000,0.360000,-0.574000,-9.679000,2.626000,-1.649000
0.809000,0.373000,-0.584000,-10.519000,1.878000,1.542000
0.816000,0.352000,-0.567000,-11.557000,1.435000,3.893000
0.824000,0.319000,-0.548000,-9.328000,0.473000,5.053000
0.831000,0.278000,-0.576000,-8.885000,0.031000,3.802000
0.824000,0.265000,-0.593000,-10.794000,-0.168000,0.580000
