0.779000,-0.424000,-0.539000,-8.885000,-1.679000,2.382000
0.775000,-0.437000,-0.538000,-9.374000,-1.344000,1.817000
0.774000,-0.414000,-0.554000,-10.244000,-0.885000,0.687000
0.791000,-0.414000,-0.550000,-11.191000,-0.504000,1.328000
0.786000,-0.423000,-0.542000,-11.481000,-0.229000,2.168000
0.780000,-0.391000,-0.552000,-11.832000,0.229000,4.260000
0.765000,-0.396000,-0.553000,-12.198000,1.099000,6.855000
0.765000,-0.401000,-0.540000,-13.023000,0.748000,8.504000
0.776000,-0.400000,-0.516000,-9.130000,0.824000,10.840000
0.772000,-0.449000,-0.508000,-7.695000,-0.626000,10.244000
0.792000,-0.441000,-0.550000,-5.710000,-1.252000,10.595000
0.798000,-0.460000,-0.552000,-4.183000,0.260000,9.756000
0.800000,-0.471000,-0.562000,-2.855000,1.267000,6.336000
0.798000,-0.444000,-0.535000,-4.412000,1.878000,3.206000
0.800000,-0.461000,-0.545000,-5.863000,0.412000,1.603000
0.802000,-0.433000,-0.529000,-7.802000,0.336000,-0.519000
0.790000,-0.376000,-0.541000,-10.901000,0.076000,0.244000
0.775000,-0.347000,-0.535000,-12.580000,0.061000,3.481000
0.788000,-0.362000,-0.506000,-11.511000,-0.473000,6.733000
0.799000,-0.408000,-0.498000,-7.374000,-2.046000,8.382000
0.793000,-0.435000,-0.548000,-4.351000,-1.878000,8.321000
0.797000,-0.447000,-0.560000,-2.672000,-0.534000,7.832000
0.831000,-0.463000,-0.578000,0.656000,2.641000,4.504000
0.790000,-0.389000,-0.525000,2.534000,1.298000,2.611000
0.755000,-0.402000,-0.597000,-3.359000,0.580000,5.206000
0.763000,-0.334000,-0.613000,-10.473000,2.794000,10.137000
0.768000,-0.323000,-0.560000,-10.015000,5.374000,17.420000
0.776000,-0.366000,-0.531000,-11.160000,4.198000,23.634000
0.750000,-0.395000,-0.457000,-12.244000,-2.748000,28.733000
0.810000,-0.469000,-0.504000,-8.992000,-5.450000,28.275000
0.843000,-0.535000,-0.551000,-2.672000,-5.221000,24.290000
0.852000,-0.617000,-0.633000,-0.214000,-2.076000,16.168000
0.857000,-0.635000,-0.673000,0.473000,2.656000,6.595000
0.821000,-0.604000,-0.683000,-3.344000,10.229000,-3.511000
0.778000,-0.481000,-0.667000,-9.313000,14.779000,-6.351000
0.738000,-0.423000,-0.634000,-17.542000,19.527000,-5.237000
0.692000,-0.225000,-0.633000,-30.565000,24.290000,5.695000
0.697000,-0.256000,-0.651000,-41.115000,35.710000,18.702000
0.690000,-0.375000,-0.415000,-48.214000,32.443000,28.947000
0.750000,-0.589000,-0.263000,-39.695000,24.153000,25.725000
0.757000,-0.973000,0.542000,-13.008000,-68.061000,13.542000
0.881000,-0.689000,-0.252000,21.649000,-74.366000,-14.565000
0.881000,-0.514000,-1.069000,31.405000,-37.863000,-21.420000
0.871000,-0.539000,-1.045000,18.168000,14.305000,-27.481000
0.871000,-0.657000,-0.728000,1.511000,21.893000,-38.412000
0.794000,-0.577000,-0.797000,-15.435000,33.802000,-55.679000
0.609000,-0.214000,-0.687000,-14.214000,47.511000,-54.000000
0.672000,-0.178000,-0.292000,-22.687000,44.779000,-37.008000
0.708000,-0.477000,0.097000,-59.771000,-5.328000,-39.847000
0.763000,-0.510000,-0.316000,-76.550000,-37.511000,-52.183000
0.774000,-0.458000,-0.526000,-65.786000,-35.115000,-51.649000
0.672000,-0.430000,-0.530000,-47.908000,-29.008000,-42.855000
0.681000,-0.361000,-0.625000,-37.176000,-21.557000,-26.046000
0.789000,-0.448000,-0.740000,-18.931000,-2.244000,-14.733000
0.644000,-0.314000,-0.736000,-24.153000,6.565000,-0.763000
0.668000,-0.262000,-1.091000,-45.939000,26.763000,16.733000
0.758000,-0.206000,-0.686000,-52.321000,44.351000,31.710000
0.381000,0.159000,3.235000,-23.221000,-63.084000,54.840000
0.824000,-0.602000,-0.078000,-3.176000,-107.679000,11.267000
1.007000,-0.094000,-1.379000,16.427000,-60.473000,15.939000
0.835000,-0.540000,-0.910000,-12.595000,-10.947000,7.695000
0.838000,-0.692000,-0.537000,-31.237000,-18.718000,-20.870000
0.854000,-0.591000,-0.784000,-28.870000,-5.359000,-37.618000
0.780000,-0.471000,-0.842000,-14.534000,19.939000,-43.496000
0.490000,-0.535000,-0.823000,-11.237000,37.511000,-46.504000
0.847000,-0.145000,-0.127000,10.382000,18.779000,-35.237000
0.800000,-0.312000,-0.190000,32.489000,-14.916000,-19.069000
0.766000,-0.396000,-0.563000,50.916000,-20.489000,-19.221000
0.787000,-0.313000,-0.650000,56.168000,-16.931000,-14.809000
0.775000,-0.312000,-0.669000,56.748000,-14.046000,-8.702000
0.823000,-0.356000,-0.844000,43.740000,-7.450000,-5.893000
0.815000,-0.346000,-0.883000,27.450000,4.244000,-3.649000
0.793000,-0.348000,-0.762000,9.389000,10.443000,0.580000
0.838000,-0.372000,-0.630000,-4.947000,10.504000,0.901000
0.825000,-0.342000,-0.576000,-15.008000,9.557000,0.214000
0.774000,-0.328000,-0.557000,-26.229000,6.626000,3.069000
0.779000,-0.365000,-0.507000,-25.221000,6.397000,5.847000
0.817000,-0.473000,-0.444000,-19.267000,3.313000,3.908000
0.817000,-0.489000,-0.452000,-15.313000,-1.099000,-2.305000
0.807000,-0.413000,-0.538000,-12.443000,-3.221000,-4.458000
0.800000,-0.379000,-0.599000,-10.641000,-0.977000,-2.733000
0.802000,-0.385000,-0.579000,-11.863000,1.099000,-1.664000
0.803000,-0.342000,-0.593000,-13.344000,3.588000,0.870000
0.782000,-0.354000,-0.573000,-14.626000,5.725000,4.214000
0.780000,-0.381000,-0.554000,-17.802000,5.847000,5.496000
0.768000,-0.397000,-0.512000,-19.908000,4.504000,7.115000
0.782000,-0.392000,-0.499000,-18.519000,3.237000,8.366000
0.783000,-0.411000,-0.512000,-14.931000,2.611000,9.924000
0.783000,-0.473000,-0.510000,-10.977000,2.061000,9.252000
0.806000,-0.508000,-0.501000,-4.565000,1.405000,5.344000
0.796000,-0.483000,-0.547000,-2.092000,1.450000,1.344000
0.788000,-0.464000,-0.568000,-4.458000,1.237000,-1.908000
0.794000,-0.411000,-0.536000,-8.031000,0.443000,-2.870000
0.785000,-0.392000,-0.539000,-9.710000,-0.870000,-1.740000
0.797000,-0.391000,-0.541000,-10.855000,-2.137000,-0.702000
0.787000,-0.407000,-0.557000,-11.954000,-2.183000,-0.763000
0.787000,-0.396000,-0.533000,-11.160000,-2.901000,-0.504000
