0.809000,-0.487000,-0.574000,-11.176000,-0.122000,0.046000
0.812000,-0.471000,-0.560000,-12.122000,0.687000,-2.260000
0.801000,-0.456000,-0.548000,-12.092000,1.649000,-3.573000
0.794000,-0.445000,-0.562000,-13.267000,2.168000,-4.214000
0.796000,-0.439000,-0.544000,-13.511000,3.969000,-5.298000
0.804000,-0.442000,-0.588000,-12.366000,6.687000,-5.542000
0.823000,-0.495000,-0.635000,-9.939000,14.748000,-8.290000
0.808000,-0.453000,-0.577000,-7.557000,20.168000,-9.450000
0.798000,-0.417000,-0.536000,-0.321000,22.122000,-8.519000
0.844000,-0.350000,-0.565000,8.214000,28.382000,-6.198000
0.769000,-0.300000,-0.549000,14.336000,32.137000,1.481000
0.672000,-0.292000,-0.350000,19.130000,28.672000,13.786000
0.743000,-0.340000,-0.301000,23.924000,19.221000,20.565000
0.798000,-0.382000,-0.432000,22.977000,13.099000,22.595000
0.774000,-0.401000,-0.485000,14.870000,12.168000,21.893000
0.758000,-0.421000,-0.442000,6.565000,8.046000,23.344000
0.806000,-0.548000,-0.420000,-3.817000,2.504000,15.817000
0.854000,-0.596000,-0.468000,-13.740000,-0.962000,3.649000
0.821000,-0.534000,-0.447000,-17.557000,-3.908000,-4.748000
0.814000,-0.498000,-0.449000,-18.107000,-6.122000,-7.588000
0.810000,-0.449000,-0.467000,-16.504000,-6.305000,-7.145000
0.802000,-0.405000,-0.466000,-14.061000,-6.580000,-3.893000
0.799000,-0.382000,-0.481000,-14.244000,-7.374000,0.137000
0.808000,-0.380000,-0.523000,-14.580000,-6.840000,4.198000
0.816000,-0.416000,-0.513000,-14.687000,-5.847000,6.656000
0.837000,-0.455000,-0.523000,-14.275000,-4.458000,6.336000
0.822000,-0.475000,-0.550000,-13.740000,-1.802000,5.023000
0.832000,-0.496000,-0.540000,-15.954000,-0.168000,2.015000
0.832000,-0.502000,-0.514000,-20.534000,-0.397000,-1.527000
0.819000,-0.508000,-0.498000,-23.435000,-1.359000,-6.275000
0.806000,-0.517000,-0.494000,-29.267000,-2.718000,-10.015000
0.789000,-0.479000,-0.488000,-33.313000,-3.878000,-12.000000
0.780000,-0.427000,-0.476000,-35.313000,-3.725000,-10.321000
0.778000,-0.414000,-0.538000,-38.504000,-1.740000,-6.565000
0.791000,-0.427000,-0.636000,-44.702000,4.962000,-2.916000
0.775000,-0.490000,-0.650000,-50.565000,12.794000,-1.206000
0.752000,-0.369000,-0.931000,-67.985000,27.557000,5.969000
0.718000,-0.423000,-0.947000,-79.740000,44.489000,16.916000
0.431000,-0.276000,1.733000,-28.214000,4.260000,28.641000
0.860000,-1.289000,0.029000,-40.336000,-127.344000,-28.351000
0.836000,-0.526000,-0.726000,35.710000,-109.237000,-49.557000
0.883000,-0.143000,-1.473000,39.573000,-69.817000,-36.947000
0.662000,-0.239000,-1.211000,9.710000,0.015000,-28.611000
0.971000,-0.409000,-0.803000,8.595000,13.496000,-19.634000
0.844000,-0.529000,-1.119000,12.336000,39.420000,-19.573000
0.797000,-0.567000,-0.995000,10.504000,75.344000,-25.588000
0.702000,-0.641000,-0.615000,-1.817000,82.580000,-36.321000
0.610000,-0.239000,0.146000,-0.046000,62.840000,-37.130000
0.879000,-0.237000,0.299000,7.557000,-5.130000,-17.374000
0.776000,-0.641000,-0.293000,7.130000,-28.672000,-30.061000
0.705000,-0.383000,-0.582000,-3.771000,-30.015000,-32.855000
0.777000,-0.245000,-0.756000,-20.031000,-21.145000,-17.038000
0.805000,-0.335000,-0.820000,-35.008000,-2.076000,-4.702000
0.792000,-0.336000,-0.760000,-56.031000,11.710000,2.870000
0.675000,-0.332000,-0.619000,-81.237000,15.298000,18.702000
0.765000,-0.389000,-0.549000,-81.664000,19.160000,24.122000
0.782000,-0.430000,-0.475000,-69.832000,26.061000,25.069000
0.750000,-0.644000,-0.061000,-53.038000,14.061000,17.084000
0.293000,0.026000,3.894000,26.794000,-126.214000,22.122000
1.248000,-0.663000,-0.993000,25.924000,-117.802000,-23.359000
0.825000,-0.202000,-1.305000,31.191000,-61.817000,-19.756000
0.834000,-0.529000,-1.023000,-22.931000,-30.198000,-33.466000
0.967000,-0.506000,-0.994000,-31.908000,-15.206000,-44.153000
0.811000,-0.462000,-1.032000,-33.466000,21.893000,-52.244000
0.579000,-0.402000,-0.828000,-40.137000,41.893000,-53.664000
0.857000,-0.147000,-0.012000,-27.420000,15.420000,-43.725000
0.844000,-0.359000,-0.092000,-8.901000,-23.603000,-36.687000
0.718000,-0.312000,-0.507000,4.519000,-35.969000,-35.023000
0.736000,-0.068000,-0.793000,12.382000,-26.229000,-13.786000
0.794000,-0.095000,-0.833000,18.046000,-9.847000,10.412000
0.867000,-0.269000,-0.753000,16.534000,3.115000,17.893000
0.847000,-0.347000,-0.620000,16.626000,7.863000,16.687000
0.820000,-0.412000,-0.542000,13.588000,5.634000,12.107000
0.844000,-0.384000,-0.511000,10.855000,2.672000,5.802000
0.814000,-0.323000,-0.560000,4.641000,1.099000,3.618000
0.770000,-0.285000,-0.533000,-2.626000,0.305000,6.305000
0.812000,-0.312000,-0.527000,-7.328000,-0.611000,8.519000
0.813000,-0.369000,-0.551000,-11.863000,-0.244000,7.053000
0.807000,-0.418000,-0.581000,-16.794000,0.595000,3.817000
0.802000,-0.390000,-0.562000,-18.275000,1.649000,1.802000
0.811000,-0.315000,-0.588000,-14.473000,4.885000,4.794000
0.811000,-0.318000,-0.594000,-11.191000,8.870000,9.649000
0.796000,-0.367000,-0.563000,-12.931000,10.122000,11.466000
0.795000,-0.394000,-0.494000,-14.809000,7.344000,11.634000
0.797000,-0.405000,-0.478000,-13.282000,3.328000,11.053000
0.830000,-0.399000,-0.495000,-10.947000,1.176000,8.794000
0.788000,-0.391000,-0.520000,-11.985000,-0.824000,8.412000
0.804000,-0.420000,-0.530000,-12.916000,-2.260000,7.405000
0.811000,-0.437000,-0.541000,-12.687000,-2.397000,5.252000
0.807000,-0.452000,-0.547000,-12.260000,-2.427000,2.290000
0.825000,-0.413000,-0.568000,-10.458000,-1.954000,0.718000
0.808000,-0.380000,-0.608000,-9.084000,1.649000,1.450000
0.802000,-0.376000,-0.574000,-10.901000,3.344000,2.962000
0.811000,-0.382000,-0.556000,-12.382000,3.053000,3.756000
0.807000,-0.377000,-0.536000,-12.275000,2.947000,3.374000
0.790000,-0.372000,-0.537000,-11.588000,1.878000,4.580000
0.799000,-0.360000,-0.540000,-10.885000,1.053000,6.092000
0.812000,-0.402000,-0.549000,-10.473000,1.710000,5.832000
0.801000,-0.415000,-0.540000,-11.878000,1.725000,3.878000
0.791000,-0.405000,-0.518000,-12.061000,0.092000,3.008000
