-0.025000,-0.258000,-1.021000,-5.595000,7.710000,-0.519000
-0.038000,-0.242000,-1.024000,-0.542000,4.985000,0.733000
-0.018000,-0.211000,-1.135000,5.008000,5.481000,5.336000
0.018000,-0.298000,-1.239000,9.153000,10.985000,7.282000
-0.006000,-0.303000,-1.236000,3.557000,22.534000,8.664000
-0.052000,-0.391000,-1.260000,-7.275000,32.947000,4.389000
-0.125000,-0.451000,-1.521000,-32.863000,49.183000,-3.954000
-0.027000,-0.651000,-1.814000,-70.443000,86.221000,-21.191000
-0.081000,-0.743000,-1.789000,-91.641000,116.160000,-40.832000
-0.136000,-0.709000,-1.715000,-91.412000,119.542000,-50.565000
-0.074000,-0.646000,-1.854000,-63.611000,110.015000,-46.206000
0.026000,-0.623000,-2.000000,-18.534000,104.382000,-30.344000
0.123000,-0.725000,-2.000000,36.153000,107.473000,-13.305000
0.138000,-0.810000,-2.000000,66.985000,128.359000,-19.458000
0.128000,-0.805000,-2.000000,70.206000,149.443000,-34.313000
0.154000,-0.745000,-2.000000,54.260000,167.809000,-47.969000
0.189000,-0.733000,-2.000000,25.977000,186.168000,-66.313000
0.242000,-0.625000,-2.000000,-8.351000,205.687000,-78.649000
0.319000,-0.571000,-2.000000,-25.931000,225.412000,-85.389000
0.325000,-0.501000,-1.968000,-16.679000,239.260000,-80.481000
0.317000,-0.398000,-1.835000,23.504000,237.137000,-67.260000
0.343000,-0.321000,-1.781000,71.176000,237.756000,-51.046000
0.323000,-0.333000,-1.651000,100.939000,246.672000,-43.137000
0.218000,-0.311000,-1.374000,100.481000,250.130000,-44.160000
0.120000,-0.460000,-1.075000,76.557000,250.130000,-63.985000
0.072000,-0.429000,-0.858000,35.832000,250.130000,-88.855000
0.080000,-0.391000,-0.894000,-5.985000,250.130000,-107.656000
0.205000,-0.327000,-1.071000,-34.832000,250.130000,-119.916000
0.264000,-0.135000,-1.089000,-56.412000,250.130000,-119.908000
0.268000,-0.019000,-1.029000,-73.901000,250.130000,-113.725000
0.227000,-0.032000,-0.887000,-85.015000,250.130000,-102.092000
0.135000,-0.095000,-0.705000,-85.229000,250.130000,-90.130000
0.078000,-0.255000,-0.527000,-70.641000,250.130000,-84.374000
0.068000,-0.285000,-0.310000,-52.000000,250.130000,-84.359000
0.086000,-0.275000,-0.207000,-34.397000,250.130000,-86.466000
0.185000,-0.133000,-0.055000,-23.435000,250.130000,-83.710000
0.227000,-0.072000,-0.042000,-13.878000,244.260000,-77.496000
0.325000,-0.013000,-0.102000,-12.130000,233.008000,-70.244000
0.389000,0.078000,-0.153000,-15.977000,231.427000,-59.794000
0.430000,0.069000,-0.145000,-24.023000,232.832000,-51.908000
0.465000,-0.010000,-0.116000,-35.702000,239.588000,-49.130000
0.460000,-0.050000,-0.051000,-52.313000,245.939000,-50.374000
0.408000,-0.139000,-0.021000,-65.748000,246.901000,-54.366000
0.400000,-0.268000,-0.013000,-62.863000,242.374000,-64.786000
0.408000,-0.217000,0.078000,-47.634000,229.466000,-74.214000
0.432000,-0.140000,0.109000,-30.939000,213.397000,-76.244000
0.516000,-0.039000,0.197000,-18.435000,198.069000,-74.359000
0.555000,0.031000,0.238000,-8.954000,183.046000,-67.321000
0.577000,0.049000,0.244000,-5.313000,174.389000,-58.176000
0.577000,0.055000,0.254000,-12.038000,168.534000,-53.244000
0.580000,0.072000,0.208000,-23.443000,165.832000,-50.893000
0.653000,0.080000,0.135000,-35.092000,166.267000,-45.893000
0.672000,0.009000,0.093000,-42.557000,170.137000,-43.824000
0.693000,-0.014000,0.155000,-43.809000,172.756000,-40.252000
0.676000,-0.024000,0.233000,-36.435000,167.756000,-36.855000
0.655000,-0.019000,0.279000,-26.947000,163.313000,-31.748000
0.627000,0.050000,0.389000,-17.718000,156.870000,-26.779000
0.606000,0.132000,0.468000,-13.244000,146.977000,-20.473000
0.615000,0.166000,0.530000,-8.947000,136.145000,-11.359000
0.582000,0.160000,0.589000,-2.939000,121.992000,-1.420000
0.548000,0.127000,0.660000,0.885000,108.260000,6.084000
0.524000,0.093000,0.708000,1.321000,92.840000,10.702000
0.543000,0.018000,0.662000,-1.969000,82.015000,9.748000
0.524000,-0.020000,0.661000,-7.702000,74.771000,2.168000
0.542000,0.028000,0.632000,-13.221000,67.115000,-4.908000
0.602000,0.101000,0.575000,-13.969000,62.489000,-6.985000
0.632000,0.159000,0.568000,-9.260000,56.107000,-3.496000
0.672000,0.172000,0.568000,-0.031000,48.405000,4.336000
0.699000,0.163000,0.570000,10.374000,41.229000,12.557000
0.686000,0.123000,0.580000,17.580000,35.626000,17.702000
0.677000,0.085000,0.587000,17.313000,30.519000,17.802000
0.673000,0.058000,0.600000,13.092000,27.634000,15.695000
0.668000,0.011000,0.596000,8.496000,22.695000,10.870000
0.700000,-0.017000,0.579000,9.168000,17.740000,7.351000
0.717000,-0.021000,0.591000,10.733000,12.916000,3.679000
0.724000,-0.028000,0.597000,6.008000,6.870000,-1.649000
0.792000,-0.003000,0.499000,2.221000,5.496000,-6.588000
0.827000,0.064000,0.443000,0.359000,8.000000,-8.969000
0.884000,0.143000,0.389000,-1.008000,11.275000,-6.397000
0.893000,0.194000,0.409000,1.817000,15.565000,0.557000
0.868000,0.216000,0.471000,2.985000,17.550000,9.450000
0.851000,0.162000,0.493000,0.427000,19.122000,13.664000
0.812000,0.109000,0.557000,-3.458000,20.046000,13.527000
0.802000,0.066000,0.610000,-10.092000,16.092000,9.908000
0.826000,0.046000,0.598000,-9.466000,10.244000,8.458000
0.827000,0.023000,0.587000,-4.008000,3.145000,8.878000
0.825000,-0.001000,0.541000,2.496000,-3.840000,9.053000
0.828000,-0.035000,0.496000,6.092000,-5.695000,6.824000
0.831000,-0.007000,0.471000,3.481000,-3.275000,1.863000
0.869000,0.057000,0.429000,-3.069000,2.214000,-1.260000
0.883000,0.100000,0.434000,-8.145000,9.649000,-1.718000
0.879000,0.125000,0.474000,-10.450000,14.267000,0.099000
0.863000,0.112000,0.505000,-11.527000,16.710000,2.450000
0.839000,0.076000,0.610000,-13.962000,15.847000,1.267000
0.801000,0.056000,0.687000,-16.893000,7.183000,-0.641000
0.830000,0.038000,0.641000,-16.542000,-0.733000,-4.305000
0.847000,0.057000,0.608000,-12.412000,-6.641000,-5.947000
0.858000,0.075000,0.583000,-9.580000,-12.420000,-5.748000
0.894000,0.107000,0.539000,-6.260000,-15.885000,-2.557000
