0.340000,-0.186000,-1.057000,-13.023000,-16.473000,15.969000
0.343000,-0.202000,-1.065000,-8.076000,-16.031000,13.786000
0.356000,-0.203000,-1.072000,-0.992000,-14.962000,12.351000
0.369000,-0.181000,-1.051000,6.107000,-14.458000,12.336000
0.362000,-0.143000,-1.014000,12.427000,-14.901000,15.313000
0.356000,-0.143000,-0.993000,14.840000,-15.527000,18.687000
0.344000,-0.150000,-0.989000,12.687000,-15.206000,20.153000
0.324000,-0.187000,-1.007000,7.053000,-14.534000,19.832000
0.334000,-0.212000,-1.043000,0.824000,-13.191000,17.710000
0.337000,-0.236000,-1.064000,-4.366000,-9.649000,14.534000
0.348000,-0.242000,-1.070000,-8.595000,-5.359000,10.809000
0.337000,-0.243000,-1.062000,-10.840000,-3.206000,8.641000
0.340000,-0.258000,-1.072000,-11.099000,-2.107000,6.397000
0.350000,-0.275000,-1.076000,-9.954000,0.351000,4.504000
0.335000,-0.292000,-1.063000,-7.771000,2.122000,3.069000
0.324000,-0.289000,-1.061000,-6.153000,2.000000,1.038000
0.314000,-0.286000,-1.069000,-5.969000,1.145000,-0.901000
0.316000,-0.286000,-1.106000,-7.405000,3.038000,-3.939000
0.308000,-0.264000,-1.122000,-9.832000,5.267000,-7.511000
0.333000,-0.203000,-1.152000,-10.916000,6.962000,-8.519000
0.354000,-0.138000,-1.172000,-7.023000,8.092000,-4.580000
0.385000,-0.075000,-1.179000,-1.374000,9.252000,3.878000
0.386000,-0.056000,-1.208000,4.672000,10.351000,16.244000
0.366000,-0.092000,-1.166000,13.679000,6.931000,27.634000
0.381000,-0.167000,-1.135000,22.534000,1.084000,37.374000
0.412000,-0.267000,-1.084000,30.275000,-7.832000,47.023000
0.447000,-0.332000,-1.071000,40.351000,-20.733000,56.351000
0.525000,-0.313000,-1.159000,54.504000,-32.656000,72.672000
0.462000,-0.299000,-1.222000,67.954000,-46.824000,99.588000
0.350000,-0.412000,-1.400000,67.985000,-57.069000,127.878000
0.207000,-0.641000,-1.604000,50.885000,-55.939000,150.840000
0.006000,-1.043000,-1.869000,27.252000,-46.275000,162.183000
-0.072000,-1.563000,-2.185000,7.511000,-23.847000,158.534000
-0.080000,-2.084000,-2.478000,7.939000,9.863000,143.038000
-0.057000,-2.754000,-2.651000,48.336000,47.771000,112.534000
-0.273000,-3.073000,-2.603000,113.237000,81.069000,62.794000
-0.716000,-3.228000,-2.401000,159.649000,93.847000,-6.565000
-0.964000,-3.252000,-2.323000,180.580000,98.916000,-91.985000
-1.158000,-3.111000,-2.344000,187.267000,105.038000,-184.229000
-1.329000,-2.846000,-2.398000,196.809000,112.550000,-275.191000
-1.513000,-2.504000,-2.509000,217.573000,122.763000,-360.351000
-1.640000,-2.067000,-2.588000,245.206000,141.725000,-438.840000
-1.787000,-1.456000,-2.475000,259.679000,163.237000,-500.275000
-1.839000,-0.979000,-2.362000,249.160000,182.916000,-500.275000
-1.885000,-0.613000,-2.320000,225.893000,206.885000,-500.275000
-2.029000,-0.390000,-2.350000,198.443000,237.389000,-500.275000
-2.277000,-0.108000,-2.299000,170.473000,277.618000,-500.275000
-2.506000,0.265000,-2.162000,140.550000,321.099000,-500.275000
-2.727000,0.720000,-2.022000,109.786000,372.931000,-500.275000
-2.763000,1.159000,-1.833000,81.893000,425.527000,-500.275000
-2.687000,1.579000,-1.537000,70.305000,469.786000,-500.275000
-2.499000,1.858000,-1.143000,70.351000,495.389000,-500.275000
-2.252000,2.128000,-0.501000,92.336000,489.985000,-500.275000
-1.920000,2.419000,0.147000,130.687000,442.794000,-500.275000
-1.493000,2.563000,0.527000,189.389000,362.702000,-436.382000
-1.065000,2.467000,0.512000,237.557000,285.740000,-347.573000
-0.808000,2.277000,0.461000,255.328000,226.519000,-276.992000
-0.619000,2.050000,0.398000,247.023000,183.573000,-225.679000
-0.523000,1.815000,0.381000,219.008000,156.092000,-191.557000
-0.392000,1.638000,0.457000,189.115000,133.389000,-167.695000
-0.289000,1.553000,0.499000,161.008000,109.237000,-148.595000
-0.232000,1.478000,0.486000,126.901000,86.046000,-131.939000
-0.125000,1.311000,0.322000,82.947000,71.160000,-125.038000
-0.089000,1.242000,0.138000,44.015000,69.664000,-124.107000
-0.075000,1.168000,0.060000,20.183000,67.878000,-124.916000
-0.031000,1.175000,-0.038000,13.847000,63.786000,-123.725000
0.090000,1.236000,-0.097000,25.450000,58.901000,-115.802000
0.241000,1.316000,-0.039000,42.656000,55.115000,-99.038000
0.306000,1.364000,0.068000,57.435000,48.580000,-74.550000
0.341000,1.363000,0.171000,58.489000,39.160000,-52.489000
0.370000,1.348000,0.250000,47.145000,29.511000,-34.885000
0.357000,1.298000,0.320000,27.160000,18.519000,-22.336000
0.370000,1.287000,0.404000,1.450000,3.115000,-14.321000
0.397000,1.272000,0.328000,-22.382000,-15.603000,-5.359000
0.474000,1.210000,0.175000,-37.008000,-30.519000,4.733000
0.577000,1.124000,0.017000,-32.718000,-38.092000,16.122000
0.674000,1.047000,-0.071000,-18.229000,-40.962000,26.718000
0.745000,0.973000,-0.128000,-2.733000,-40.458000,35.450000
0.781000,0.929000,-0.170000,5.649000,-35.420000,42.107000
0.790000,0.901000,-0.171000,3.603000,-26.794000,47.282000
0.751000,0.859000,-0.115000,-2.534000,-20.046000,50.687000
0.705000,0.801000,-0.054000,-10.214000,-19.588000,51.237000
0.685000,0.714000,-0.049000,-18.656000,-22.672000,47.298000
0.717000,0.632000,-0.060000,-23.313000,-25.084000,39.664000
0.757000,0.603000,-0.087000,-22.962000,-24.229000,32.122000
0.792000,0.578000,-0.082000,-21.466000,-24.000000,26.733000
0.823000,0.571000,-0.119000,-20.504000,-23.603000,21.084000
0.821000,0.596000,-0.163000,-18.198000,-21.191000,17.557000
0.802000,0.607000,-0.191000,-18.656000,-18.321000,14.687000
0.793000,0.614000,-0.267000,-20.656000,-14.229000,9.985000
0.789000,0.638000,-0.292000,-20.870000,-6.305000,5.847000
0.767000,0.629000,-0.273000,-20.977000,1.130000,3.313000
0.768000,0.617000,-0.192000,-19.527000,4.366000,0.214000
0.762000,0.619000,-0.139000,-13.420000,4.153000,-2.565000
0.753000,0.630000,-0.096000,-7.710000,1.053000,-3.374000
0.756000,0.646000,-0.085000,-2.351000,-4.260000,-2.076000
0.748000,0.641000,-0.134000,-1.939000,-5.618000,-2.611000
0.729000,0.647000,-0.151000,-4.687000,-4.412000,-4.641000
0.727000,0.658000,-0.170000,-9.405000,-1.939000,-6.214000
0.728000,0.655000,-0.172000,-12.885000,2.168000,-8.015000
