0.898000,0.076000,0.461000,-5.557000,1.969000,5.588000
0.876000,0.049000,0.466000,-6.916000,3.435000,5.344000
0.874000,0.028000,0.481000,-6.916000,4.702000,3.817000
0.867000,0.028000,0.501000,-7.450000,4.763000,2.260000
0.880000,0.010000,0.513000,-9.267000,4.473000,0.641000
0.891000,0.002000,0.487000,-11.160000,4.611000,-1.359000
0.904000,0.007000,0.460000,-11.771000,4.901000,-3.023000
0.902000,0.013000,0.422000,-9.038000,6.779000,-3.924000
0.888000,0.041000,0.450000,-4.427000,8.519000,-4.214000
0.890000,0.079000,0.496000,-1.053000,7.145000,-2.840000
0.888000,0.122000,0.554000,3.145000,3.145000,0.718000
0.884000,0.144000,0.549000,8.809000,-1.176000,6.427000
0.879000,0.137000,0.549000,11.817000,-2.992000,9.908000
0.854000,0.126000,0.546000,11.069000,-5.481000,10.504000
0.902000,0.106000,0.496000,3.618000,-0.947000,11.176000
0.865000,0.090000,0.505000,-2.672000,4.046000,10.443000
0.844000,0.077000,0.526000,-6.290000,4.229000,9.160000
0.848000,0.062000,0.519000,-7.328000,6.427000,7.542000
0.823000,0.048000,0.538000,-8.687000,9.130000,5.313000
0.816000,0.053000,0.593000,-12.275000,10.473000,2.153000
0.835000,0.080000,0.649000,-12.427000,11.191000,1.908000
0.798000,0.099000,0.676000,-11.573000,9.145000,2.534000
0.792000,0.138000,0.720000,-11.466000,8.855000,3.618000
0.732000,0.250000,0.877000,-10.183000,4.947000,7.573000
0.680000,0.342000,0.978000,-7.557000,0.397000,16.015000
0.562000,0.342000,1.093000,-4.137000,-8.672000,22.962000
0.572000,0.329000,1.170000,-6.595000,-15.435000,26.168000
0.507000,0.338000,1.274000,-10.168000,-22.244000,32.519000
0.420000,0.320000,1.344000,-17.588000,-31.985000,35.908000
0.340000,0.352000,1.367000,-20.275000,-42.977000,39.481000
0.219000,0.415000,1.440000,-16.153000,-50.794000,43.191000
0.101000,0.531000,1.711000,-10.611000,-65.038000,46.336000
-0.083000,0.738000,2.015000,-7.954000,-81.710000,53.435000
-0.233000,0.966000,2.510000,-18.489000,-113.969000,69.878000
-0.333000,1.040000,2.835000,-41.313000,-166.626000,92.595000
-0.439000,0.920000,2.812000,-75.710000,-227.313000,113.847000
-0.569000,0.663000,2.464000,-106.412000,-286.855000,121.832000
-0.694000,0.430000,2.062000,-116.092000,-346.534000,113.756000
-0.774000,0.347000,1.710000,-111.313000,-406.977000,98.763000
-0.812000,0.307000,1.442000,-101.115000,-467.847000,83.847000
-0.859000,0.365000,1.119000,-81.176000,-500.275000,81.679000
-0.957000,0.390000,0.755000,-59.145000,-500.275000,91.053000
-1.080000,0.440000,0.424000,-52.611000,-500.275000,104.489000
-1.179000,0.593000,-0.323000,-79.802000,-500.275000,129.176000
-1.235000,0.688000,-1.321000,-154.794000,-500.275000,142.702000
-1.054000,0.600000,-2.082000,-230.183000,-500.275000,154.122000
-0.926000,0.502000,-2.274000,-270.458000,-500.275000,158.046000
-0.914000,0.301000,-2.400000,-248.916000,-488.412000,172.015000
-0.796000,-0.161000,-2.859000,-184.763000,-456.779000,182.901000
-0.607000,-0.714000,-3.395000,-112.275000,-398.183000,178.565000
-0.407000,-1.279000,-3.592000,-69.511000,-319.939000,137.542000
-0.177000,-1.420000,-3.429000,-52.366000,-233.313000,69.221000
-0.040000,-0.971000,-2.984000,-57.954000,-159.954000,20.397000
0.078000,-0.477000,-2.524000,-80.885000,-104.702000,8.168000
0.166000,-0.287000,-1.991000,-100.382000,-67.679000,8.214000
0.131000,-0.148000,-1.578000,-106.214000,-60.489000,19.160000
0.113000,-0.197000,-1.396000,-100.458000,-74.702000,31.069000
0.131000,-0.323000,-1.405000,-76.656000,-91.878000,38.840000
0.048000,-0.408000,-1.282000,-51.847000,-121.130000,41.145000
0.104000,-0.400000,-1.734000,-27.160000,-124.260000,40.061000
0.254000,-0.494000,-1.833000,-14.626000,-112.183000,31.527000
0.294000,-0.411000,-1.928000,-9.206000,-91.786000,27.206000
0.328000,-0.451000,-1.888000,-15.527000,-65.115000,21.069000
0.360000,-0.423000,-1.790000,-23.374000,-42.183000,14.534000
0.353000,-0.406000,-1.686000,-26.443000,-26.702000,11.130000
0.348000,-0.431000,-1.594000,-21.313000,-16.870000,8.458000
0.335000,-0.449000,-1.461000,-10.412000,-13.206000,3.511000
0.333000,-0.447000,-1.334000,0.122000,-13.145000,-1.496000
0.365000,-0.442000,-1.234000,4.015000,-13.618000,-10.015000
0.391000,-0.383000,-1.178000,3.786000,-12.595000,-17.557000
0.410000,-0.322000,-1.140000,-1.252000,-10.977000,-22.244000
0.437000,-0.287000,-1.125000,-4.916000,-9.206000,-24.824000
0.456000,-0.226000,-1.137000,-4.595000,-7.145000,-24.931000
0.456000,-0.162000,-1.134000,-3.084000,-5.740000,-21.191000
0.461000,-0.111000,-1.142000,-4.595000,-1.832000,-15.145000
0.464000,-0.110000,-1.122000,-8.137000,2.733000,-9.267000
0.456000,-0.148000,-1.104000,-9.435000,5.756000,-5.679000
0.442000,-0.209000,-1.076000,-7.038000,7.282000,-6.534000
0.430000,-0.227000,-1.032000,-2.687000,7.359000,-6.244000
0.427000,-0.243000,-0.996000,0.611000,7.099000,-9.115000
0.411000,-0.218000,-0.978000,2.076000,6.061000,-11.237000
0.427000,-0.195000,-0.953000,0.534000,6.015000,-12.244000
0.436000,-0.159000,-0.956000,-5.237000,8.107000,-12.198000
0.444000,-0.112000,-0.938000,-13.725000,10.382000,-9.359000
0.432000,-0.115000,-0.947000,-20.870000,11.649000,-5.084000
0.425000,-0.131000,-0.959000,-21.634000,10.656000,-0.137000
0.418000,-0.179000,-0.971000,-15.924000,9.115000,3.038000
0.409000,-0.222000,-0.982000,-10.260000,8.580000,2.015000
0.415000,-0.239000,-0.953000,-5.710000,8.031000,-0.718000
0.419000,-0.219000,-0.942000,-3.664000,6.855000,-3.634000
0.427000,-0.203000,-0.925000,-3.939000,6.458000,-5.695000
0.430000,-0.191000,-0.904000,-4.824000,6.260000,-6.901000
0.429000,-0.170000,-0.895000,-6.214000,5.374000,-6.824000
0.428000,-0.164000,-0.900000,-10.168000,5.481000,-6.366000
0.425000,-0.162000,-0.917000,-17.695000,6.656000,-5.924000
0.425000,-0.175000,-0.934000,-22.214000,7.420000,-5.649000
0.431000,-0.181000,-0.954000,-15.893000,5.725000,-4.031000
0.446000,-0.187000,-0.963000,-6.809000,4.321000,-2.916000
0.450000,-0.170000,-0.956000,1.038000,3.710000,-1.863000
0.455000,-0.167000,-0.939000,4.748000,3.771000,-0.626000
0.449000,-0.166000,-0.927000,3.038000,4.504000,-0.840000
