0.314000,-0.192000,-1.012000,-14.473000,-2.641000,18.519000
0.302000,-0.228000,-0.991000,-12.076000,-4.443000,17.679000
0.304000,-0.276000,-1.006000,-10.809000,-6.061000,13.893000
0.312000,-0.301000,-1.014000,-10.076000,-5.939000,8.733000
0.318000,-0.299000,-1.021000,-9.023000,-4.870000,2.733000
0.339000,-0.252000,-0.998000,-8.168000,-3.634000,-1.298000
0.352000,-0.195000,-1.009000,-9.649000,-2.763000,-2.504000
0.376000,-0.127000,-1.028000,-12.794000,-0.809000,0.137000
0.383000,-0.110000,-1.019000,-14.656000,1.420000,5.038000
0.365000,-0.128000,-1.016000,-14.641000,2.076000,9.618000
0.347000,-0.151000,-1.001000,-13.069000,0.183000,13.389000
0.341000,-0.176000,-1.021000,-6.565000,-4.092000,17.435000
0.354000,-0.219000,-1.041000,1.863000,-7.969000,20.031000
0.364000,-0.243000,-1.069000,10.214000,-10.840000,21.985000
0.362000,-0.278000,-1.110000,14.366000,-10.748000,23.038000
0.349000,-0.317000,-1.148000,12.931000,-7.725000,20.580000
0.333000,-0.359000,-1.166000,7.725000,-2.489000,16.366000
0.331000,-0.374000,-1.206000,0.336000,4.916000,11.878000
0.329000,-0.382000,-1.205000,-4.275000,12.427000,7.664000
0.325000,-0.368000,-1.180000,-5.130000,16.122000,6.351000
0.346000,-0.378000,-1.148000,-0.458000,14.580000,7.756000
0.392000,-0.429000,-1.156000,4.931000,11.725000,9.786000
0.365000,-0.519000,-1.155000,17.328000,7.008000,7.191000
0.400000,-0.538000,-1.142000,28.534000,0.748000,9.817000
0.385000,-0.621000,-1.173000,39.679000,-6.351000,8.489000
0.384000,-0.674000,-1.274000,42.992000,-6.336000,2.840000
0.401000,-0.683000,-1.399000,36.321000,2.840000,-5.359000
0.448000,-0.688000,-1.491000,22.366000,19.527000,-13.756000
0.503000,-0.611000,-1.605000,9.481000,41.664000,-19.466000
0.554000,-0.549000,-1.543000,6.763000,61.053000,-16.794000
0.499000,-0.529000,-1.443000,14.534000,66.885000,-6.779000
0.439000,-0.664000,-1.316000,33.344000,60.122000,5.618000
0.373000,-0.925000,-1.247000,59.634000,45.313000,9.603000
0.314000,-1.248000,-1.325000,83.832000,35.344000,-3.847000
0.273000,-1.423000,-1.464000,93.511000,34.031000,-31.359000
0.282000,-1.475000,-1.656000,99.328000,42.244000,-61.573000
0.281000,-1.467000,-1.759000,105.481000,54.870000,-85.237000
0.271000,-1.434000,-1.850000,110.992000,66.687000,-100.763000
0.229000,-1.420000,-1.932000,113.908000,77.969000,-111.023000
0.183000,-1.503000,-2.035000,118.397000,95.618000,-122.031000
0.006000,-1.579000,-2.064000,122.626000,115.191000,-140.382000
-0.176000,-1.712000,-2.161000,130.244000,132.015000,-166.366000
-0.258000,-1.821000,-2.181000,143.130000,157.221000,-204.809000
-0.409000,-1.709000,-1.907000,150.641000,174.992000,-245.008000
-0.452000,-1.552000,-1.708000,151.832000,184.840000,-279.725000
-0.403000,-1.359000,-1.482000,152.565000,194.687000,-309.328000
-0.423000,-1.129000,-1.267000,151.695000,198.687000,-329.466000
-0.514000,-0.925000,-1.103000,157.145000,191.023000,-342.198000
-0.594000,-0.722000,-1.068000,172.901000,178.916000,-352.870000
-0.670000,-0.504000,-1.107000,189.496000,166.183000,-360.061000
-0.699000,-0.335000,-1.230000,203.191000,161.405000,-367.206000
-0.727000,-0.167000,-1.267000,206.107000,166.748000,-378.290000
-0.696000,-0.001000,-1.212000,200.779000,174.092000,-390.947000
-0.630000,0.190000,-1.155000,192.504000,183.130000,-398.351000
-0.665000,0.377000,-1.119000,178.427000,193.420000,-401.679000
-0.696000,0.530000,-1.064000,157.786000,204.947000,-404.824000
-0.719000,0.689000,-1.058000,138.916000,219.832000,-407.069000
-0.724000,0.878000,-1.030000,131.847000,236.198000,-404.443000
-0.688000,1.104000,-1.030000,143.176000,250.473000,-389.237000
-0.641000,1.238000,-0.902000,176.275000,256.015000,-365.221000
-0.560000,1.348000,-0.708000,208.229000,250.733000,-337.069000
-0.473000,1.456000,-0.409000,228.763000,235.634000,-307.847000
-0.376000,1.556000,-0.112000,219.405000,213.038000,-281.969000
-0.270000,1.605000,0.132000,180.931000,185.481000,-259.634000
-0.194000,1.618000,0.323000,129.267000,153.924000,-237.206000
-0.105000,1.592000,0.380000,82.504000,120.137000,-214.290000
-0.034000,1.510000,0.277000,47.740000,90.718000,-189.908000
0.024000,1.418000,0.152000,37.695000,66.046000,-164.595000
0.135000,1.354000,-0.006000,54.351000,43.664000,-137.206000
0.262000,1.371000,-0.172000,76.458000,29.954000,-107.832000
0.402000,1.344000,-0.221000,88.595000,27.542000,-79.786000
0.432000,1.289000,-0.155000,82.916000,27.893000,-58.733000
0.426000,1.240000,-0.055000,67.115000,25.069000,-45.374000
0.439000,1.183000,-0.011000,45.130000,20.031000,-34.947000
0.406000,1.104000,-0.031000,23.679000,14.947000,-27.374000
0.419000,0.987000,-0.071000,10.534000,10.000000,-24.931000
0.452000,0.940000,-0.091000,5.084000,5.832000,-23.740000
0.531000,0.916000,-0.116000,6.992000,0.885000,-19.252000
0.630000,0.907000,-0.107000,15.099000,-1.649000,-12.382000
0.675000,0.889000,-0.073000,18.321000,-5.115000,-4.733000
0.687000,0.848000,-0.089000,13.710000,-7.725000,0.595000
0.676000,0.789000,-0.088000,7.359000,-7.969000,0.916000
0.643000,0.772000,-0.074000,0.458000,-9.328000,0.366000
0.650000,0.737000,-0.060000,-5.099000,-12.962000,-1.466000
0.695000,0.712000,-0.017000,-7.771000,-17.786000,-3.420000
0.764000,0.671000,0.008000,-7.634000,-25.099000,-5.069000
0.841000,0.670000,0.029000,-4.443000,-30.550000,-5.481000
0.876000,0.694000,-0.006000,-6.962000,-34.947000,-3.344000
0.886000,0.685000,-0.081000,-15.420000,-36.641000,-1.863000
0.896000,0.669000,-0.149000,-20.870000,-34.046000,-0.427000
0.871000,0.667000,-0.181000,-22.626000,-30.244000,2.580000
0.875000,0.662000,-0.225000,-21.740000,-25.069000,6.809000
0.868000,0.634000,-0.192000,-19.069000,-21.267000,10.397000
0.877000,0.603000,-0.183000,-16.641000,-19.832000,11.756000
0.872000,0.584000,-0.193000,-12.733000,-19.511000,10.153000
0.883000,0.575000,-0.210000,-6.366000,-17.466000,8.855000
0.881000,0.583000,-0.195000,-4.779000,-14.611000,7.237000
0.852000,0.584000,-0.200000,-11.084000,-10.901000,5.573000
0.831000,0.594000,-0.183000,-19.023000,-8.397000,3.267000
0.820000,0.605000,-0.210000,-23.725000,-8.870000,2.641000
