0.873000,-0.023000,0.500000,-12.656000,2.107000,-3.221000
0.872000,-0.022000,0.496000,-10.183000,2.244000,-3.038000
0.874000,-0.018000,0.524000,-8.595000,1.649000,-1.740000
0.876000,-0.030000,0.521000,-7.435000,1.145000,-0.366000
0.862000,-0.033000,0.532000,-7.160000,0.443000,0.412000
0.868000,-0.023000,0.502000,-7.481000,-0.794000,1.863000
0.888000,-0.028000,0.462000,-6.214000,0.687000,2.489000
0.889000,-0.028000,0.450000,-4.168000,2.656000,3.924000
0.884000,-0.025000,0.476000,-3.344000,3.954000,5.466000
0.873000,-0.037000,0.497000,-2.672000,4.718000,6.458000
0.873000,-0.045000,0.500000,-2.198000,4.382000,6.977000
0.839000,-0.052000,0.499000,0.611000,3.908000,7.206000
0.832000,-0.052000,0.521000,3.267000,4.061000,7.191000
0.810000,-0.042000,0.561000,4.565000,5.221000,5.573000
0.782000,-0.015000,0.648000,1.191000,5.969000,4.947000
0.732000,0.043000,0.784000,-3.557000,4.214000,5.084000
0.670000,0.117000,0.929000,-6.718000,-1.893000,8.076000
0.629000,0.126000,1.079000,-6.214000,-11.466000,12.916000
0.537000,0.233000,1.266000,-2.427000,-26.595000,15.740000
0.495000,0.251000,1.432000,7.588000,-48.534000,24.336000
0.418000,0.288000,1.515000,18.244000,-68.305000,33.725000
0.336000,0.311000,1.672000,20.229000,-91.084000,41.160000
0.303000,0.284000,1.728000,10.947000,-108.183000,45.084000
0.246000,0.264000,1.765000,-8.794000,-125.710000,44.244000
0.188000,0.299000,1.769000,-36.244000,-141.679000,40.015000
0.151000,0.344000,1.763000,-63.435000,-154.626000,38.870000
0.133000,0.372000,1.808000,-86.382000,-173.817000,40.656000
0.085000,0.390000,1.782000,-99.069000,-200.626000,46.504000
0.043000,0.345000,1.644000,-102.580000,-231.481000,51.389000
0.021000,0.289000,1.491000,-94.672000,-264.855000,55.267000
-0.008000,0.241000,1.322000,-80.122000,-299.405000,59.252000
-0.066000,0.196000,1.144000,-62.000000,-335.145000,60.947000
-0.094000,0.130000,0.929000,-54.595000,-364.107000,59.450000
-0.128000,0.109000,0.682000,-56.885000,-384.198000,56.916000
-0.160000,0.035000,0.439000,-65.115000,-395.985000,50.061000
-0.137000,0.038000,0.257000,-75.573000,-403.695000,39.649000
-0.236000,0.034000,0.260000,-90.351000,-419.756000,26.000000
-0.250000,0.171000,0.099000,-101.847000,-440.198000,29.328000
-0.378000,0.168000,-0.210000,-124.595000,-459.573000,32.366000
-0.417000,-0.004000,-0.570000,-153.771000,-463.878000,26.565000
-0.489000,0.117000,-1.043000,-172.397000,-461.221000,16.992000
-0.364000,0.225000,-1.740000,-184.351000,-442.076000,15.786000
-0.021000,0.229000,-2.357000,-167.664000,-390.947000,21.985000
0.201000,0.257000,-2.660000,-116.321000,-326.977000,44.641000
0.190000,0.140000,-2.697000,-61.252000,-275.710000,75.511000
0.168000,-0.115000,-2.716000,-27.908000,-226.901000,94.000000
0.153000,-0.397000,-2.678000,-46.061000,-171.725000,85.939000
0.235000,-0.569000,-2.475000,-85.344000,-114.992000,57.710000
0.211000,-0.493000,-2.105000,-111.756000,-77.969000,27.023000
0.203000,-0.359000,-1.815000,-118.397000,-69.893000,6.931000
0.312000,-0.263000,-1.651000,-100.672000,-74.107000,-0.427000
0.360000,-0.199000,-1.491000,-66.672000,-84.290000,3.328000
0.380000,-0.202000,-1.412000,-37.023000,-97.176000,7.542000
0.397000,-0.293000,-1.350000,-16.397000,-106.748000,10.870000
0.449000,-0.207000,-1.389000,1.282000,-108.962000,15.405000
0.448000,-0.214000,-1.408000,17.863000,-106.748000,19.435000
0.480000,-0.167000,-1.485000,32.565000,-103.130000,26.092000
0.491000,-0.170000,-1.519000,31.069000,-86.443000,30.092000
0.469000,-0.233000,-1.485000,11.176000,-67.221000,27.344000
0.474000,-0.234000,-1.403000,-11.374000,-51.053000,24.305000
0.450000,-0.299000,-1.350000,-28.473000,-39.313000,19.573000
0.446000,-0.352000,-1.324000,-35.450000,-32.168000,10.977000
0.482000,-0.354000,-1.257000,-29.817000,-29.145000,5.237000
0.490000,-0.356000,-1.189000,-18.580000,-28.260000,-0.962000
0.484000,-0.330000,-1.138000,-11.328000,-29.496000,-6.718000
0.521000,-0.266000,-1.180000,-6.916000,-28.168000,-10.443000
0.552000,-0.182000,-1.196000,-4.672000,-23.069000,-10.565000
0.577000,-0.156000,-1.191000,-4.382000,-16.931000,-7.557000
0.559000,-0.129000,-1.150000,-5.511000,-12.092000,-4.305000
0.542000,-0.142000,-1.130000,-10.641000,-9.130000,-2.412000
0.547000,-0.170000,-1.124000,-14.366000,-6.168000,-1.740000
0.532000,-0.184000,-1.092000,-13.511000,-4.870000,-1.817000
0.525000,-0.193000,-1.073000,-9.053000,-5.282000,-1.389000
0.523000,-0.201000,-1.055000,-1.939000,-5.893000,-0.611000
0.515000,-0.226000,-1.028000,1.618000,-5.466000,-1.832000
0.490000,-0.227000,-0.992000,2.153000,-4.824000,-4.336000
0.480000,-0.220000,-0.986000,-0.626000,-4.244000,-7.985000
0.481000,-0.194000,-0.966000,-4.366000,-3.695000,-10.351000
0.499000,-0.171000,-0.968000,-7.191000,-1.985000,-10.977000
0.500000,-0.155000,-0.954000,-7.527000,-1.191000,-10.794000
0.519000,-0.124000,-0.921000,-5.969000,-2.198000,-7.893000
0.514000,-0.138000,-0.909000,-4.458000,-3.160000,-5.145000
0.500000,-0.156000,-0.893000,-3.817000,-5.145000,-3.527000
0.500000,-0.178000,-0.903000,-3.435000,-5.634000,-3.725000
0.493000,-0.168000,-0.912000,-3.206000,-5.893000,-4.947000
0.496000,-0.162000,-0.914000,-4.214000,-5.145000,-6.198000
0.499000,-0.146000,-0.931000,-6.153000,-3.145000,-6.443000
0.512000,-0.133000,-0.915000,-9.221000,-0.626000,-5.496000
0.498000,-0.115000,-0.909000,-13.344000,1.405000,-4.412000
0.495000,-0.136000,-0.905000,-16.427000,2.076000,-3.069000
0.498000,-0.152000,-0.903000,-16.916000,1.924000,-2.137000
0.498000,-0.171000,-0.913000,-16.672000,2.015000,-2.153000
0.493000,-0.185000,-0.903000,-17.359000,2.473000,-4.458000
0.491000,-0.165000,-0.882000,-16.473000,1.450000,-5.679000
0.492000,-0.157000,-0.883000,-13.389000,-0.702000,-5.160000
0.503000,-0.142000,-0.905000,-9.954000,-2.962000,-4.565000
0.506000,-0.133000,-0.934000,-7.313000,-4.046000,-2.092000
0.511000,-0.151000,-0.971000,-6.351000,-3.176000,0.198000
0.508000,-0.165000,-0.986000,-7.985000,-0.290000,1.634000
0.496000,-0.173000,-0.982000,-10.489000,2.427000,1.389000
