0.815000,-0.084000,0.587000,-6.031000,5.466000,-4.962000
0.817000,-0.086000,0.569000,-7.511000,4.687000,-5.832000
0.821000,-0.071000,0.552000,-7.969000,4.443000,-6.550000
0.834000,-0.069000,0.542000,-7.832000,4.748000,-6.885000
0.845000,-0.060000,0.554000,-7.817000,5.496000,-6.000000
0.836000,-0.046000,0.588000,-6.122000,4.122000,-3.771000
0.833000,-0.045000,0.592000,-4.305000,2.366000,-1.405000
0.821000,-0.048000,0.600000,-3.511000,0.748000,0.702000
0.817000,-0.067000,0.595000,-4.458000,0.473000,2.198000
0.815000,-0.104000,0.588000,-7.130000,0.244000,0.977000
0.817000,-0.108000,0.581000,-8.687000,0.275000,-1.069000
0.822000,-0.096000,0.570000,-9.405000,0.092000,-2.840000
0.829000,-0.083000,0.562000,-9.969000,0.290000,-3.954000
0.832000,-0.063000,0.559000,-10.580000,0.656000,-3.985000
0.833000,-0.054000,0.549000,-9.786000,0.779000,-3.053000
0.832000,-0.049000,0.565000,-9.023000,1.588000,-2.321000
0.830000,-0.056000,0.576000,-9.435000,1.450000,-1.344000
0.833000,-0.046000,0.575000,-10.397000,1.374000,-1.038000
0.833000,-0.055000,0.585000,-11.374000,0.687000,-0.244000
0.839000,-0.076000,0.579000,-12.046000,-0.107000,-0.687000
0.828000,-0.072000,0.573000,-11.939000,-1.191000,-1.573000
0.833000,-0.065000,0.552000,-11.359000,-2.580000,-1.557000
0.839000,-0.068000,0.527000,-9.237000,-3.099000,-1.618000
0.844000,-0.066000,0.532000,-8.168000,-2.336000,-0.702000
0.846000,-0.082000,0.511000,-9.023000,-1.466000,-0.992000
0.836000,-0.100000,0.511000,-8.809000,1.008000,-1.588000
0.841000,-0.106000,0.531000,-9.695000,2.305000,-3.298000
0.838000,-0.097000,0.534000,-9.985000,2.321000,-4.962000
0.841000,-0.085000,0.536000,-9.115000,3.160000,-5.725000
0.833000,-0.065000,0.566000,-8.183000,3.954000,-5.389000
0.826000,-0.042000,0.594000,-5.282000,2.992000,-3.511000
0.808000,-0.039000,0.611000,-3.908000,1.374000,-1.649000
0.795000,-0.034000,0.614000,-4.458000,0.962000,-0.977000
0.779000,-0.030000,0.627000,-5.634000,0.992000,-0.779000
0.740000,-0.067000,0.623000,-5.023000,-0.901000,-5.573000
0.741000,0.069000,0.737000,-0.229000,-2.656000,-0.809000
0.736000,0.022000,0.820000,-5.847000,-7.099000,5.740000
0.714000,0.019000,0.823000,-9.053000,-12.198000,6.137000
0.581000,0.095000,0.733000,-6.992000,-7.954000,10.565000
0.431000,0.169000,0.900000,2.962000,-3.603000,11.679000
0.296000,0.310000,1.163000,14.702000,-1.771000,13.405000
0.109000,0.437000,1.581000,20.809000,-5.557000,22.626000
0.054000,0.509000,1.967000,15.969000,-17.313000,34.458000
-0.060000,0.451000,2.402000,-12.489000,-38.840000,41.130000
-0.181000,0.396000,2.812000,-58.824000,-86.534000,43.496000
-0.268000,0.295000,2.896000,-96.931000,-154.504000,40.351000
-0.348000,0.279000,2.828000,-111.924000,-229.603000,36.519000
-0.472000,0.376000,2.648000,-95.985000,-312.931000,41.542000
-0.598000,0.452000,2.303000,-62.061000,-390.397000,52.550000
-0.688000,0.471000,1.940000,-31.191000,-451.893000,64.870000
-0.788000,0.416000,1.543000,-20.015000,-497.985000,74.489000
-0.799000,0.298000,1.077000,-41.023000,-500.275000,71.038000
-0.846000,0.197000,0.689000,-82.641000,-500.275000,59.160000
-0.869000,0.120000,0.277000,-124.061000,-500.275000,43.588000
-0.807000,0.062000,-0.150000,-151.191000,-500.275000,23.267000
-0.777000,0.137000,-0.444000,-159.221000,-500.275000,4.962000
-0.642000,0.331000,-1.076000,-144.611000,-500.275000,11.924000
-0.431000,0.449000,-1.596000,-113.481000,-498.458000,31.679000
-0.133000,0.457000,-2.216000,-85.924000,-450.366000,65.664000
0.015000,0.358000,-2.668000,-88.076000,-384.718000,99.557000
-0.029000,-0.040000,-2.758000,-106.962000,-322.611000,114.015000
0.050000,-0.421000,-2.737000,-125.649000,-261.496000,102.519000
0.155000,-0.612000,-2.536000,-138.595000,-205.679000,73.786000
0.212000,-0.614000,-2.181000,-140.947000,-168.931000,43.023000
0.270000,-0.493000,-1.787000,-126.183000,-155.466000,20.763000
0.309000,-0.359000,-1.477000,-90.916000,-160.580000,12.061000
0.290000,-0.196000,-1.231000,-43.328000,-182.550000,17.191000
0.223000,-0.037000,-1.139000,-1.084000,-211.817000,34.137000
0.194000,0.058000,-1.353000,16.550000,-232.855000,59.435000
0.138000,-0.050000,-1.425000,9.389000,-241.786000,79.389000
0.378000,-0.001000,-2.174000,-19.374000,-200.366000,98.336000
0.412000,-0.321000,-2.279000,-80.137000,-134.733000,93.695000
0.309000,-0.512000,-2.248000,-130.519000,-76.244000,76.962000
0.272000,-0.699000,-2.083000,-139.557000,-43.420000,52.641000
0.265000,-0.726000,-1.897000,-96.031000,-37.985000,34.672000
0.228000,-0.652000,-1.691000,-28.107000,-53.252000,27.115000
0.206000,-0.588000,-1.576000,31.191000,-74.214000,26.061000
0.247000,-0.613000,-1.593000,60.901000,-82.351000,18.656000
0.294000,-0.596000,-1.573000,64.015000,-75.221000,7.481000
0.321000,-0.554000,-1.522000,47.145000,-58.733000,-5.588000
0.361000,-0.467000,-1.479000,23.771000,-41.099000,-17.939000
0.401000,-0.367000,-1.454000,5.756000,-25.435000,-24.809000
0.446000,-0.296000,-1.406000,-7.511000,-11.328000,-25.069000
0.484000,-0.273000,-1.340000,-15.420000,0.260000,-24.443000
0.485000,-0.245000,-1.255000,-17.573000,6.580000,-23.023000
0.478000,-0.228000,-1.161000,-12.809000,7.496000,-20.641000
0.476000,-0.207000,-1.119000,-2.489000,4.534000,-17.908000
0.447000,-0.207000,-1.110000,3.573000,2.244000,-15.206000
0.461000,-0.220000,-1.118000,6.290000,2.855000,-14.550000
0.472000,-0.223000,-1.116000,5.924000,6.824000,-15.832000
0.492000,-0.198000,-1.060000,3.908000,9.939000,-16.748000
0.487000,-0.171000,-1.010000,0.611000,11.008000,-17.191000
0.468000,-0.144000,-1.026000,-5.954000,10.153000,-15.206000
0.477000,-0.186000,-1.069000,-8.107000,9.924000,-13.313000
0.458000,-0.218000,-1.105000,-4.076000,10.015000,-12.366000
0.444000,-0.215000,-1.148000,0.046000,10.687000,-11.954000
0.442000,-0.235000,-1.176000,3.298000,13.053000,-12.321000
0.441000,-0.232000,-1.190000,6.046000,17.084000,-13.344000
0.405000,-0.214000,-1.222000,4.992000,20.870000,-12.870000
