0.861000,-0.043000,0.509000,-8.214000,6.458000,-0.809000
0.871000,-0.035000,0.545000,-7.115000,5.328000,-0.870000
0.875000,-0.031000,0.547000,-5.969000,4.748000,-0.931000
0.877000,-0.032000,0.525000,-4.473000,4.336000,-0.275000
0.870000,-0.038000,0.518000,-4.168000,4.672000,-0.275000
0.882000,-0.031000,0.518000,-4.214000,5.725000,0.595000
0.865000,-0.030000,0.496000,-5.863000,7.420000,-0.336000
0.863000,-0.019000,0.466000,-5.969000,8.794000,-0.443000
0.853000,-0.004000,0.466000,-3.634000,12.336000,0.550000
0.859000,-0.004000,0.496000,-2.702000,14.718000,1.802000
0.839000,-0.010000,0.541000,-0.550000,15.511000,3.084000
0.839000,-0.030000,0.604000,0.733000,14.656000,4.122000
0.834000,-0.042000,0.609000,0.550000,13.221000,4.748000
0.831000,-0.058000,0.604000,0.092000,11.786000,3.939000
0.821000,-0.052000,0.597000,-1.191000,11.359000,2.382000
0.821000,-0.042000,0.583000,-1.496000,11.573000,2.153000
0.804000,-0.007000,0.607000,-2.916000,12.244000,2.198000
0.790000,0.003000,0.634000,-5.496000,11.786000,3.038000
0.758000,0.015000,0.675000,-6.947000,10.947000,3.664000
0.723000,0.012000,0.726000,-6.168000,7.817000,3.420000
0.700000,0.025000,0.737000,-4.107000,3.756000,2.519000
0.660000,0.063000,0.852000,-5.313000,0.092000,1.008000
0.635000,0.159000,0.994000,-15.969000,-5.878000,1.221000
0.531000,0.302000,1.028000,-21.038000,-8.794000,9.359000
0.419000,0.348000,1.237000,-11.847000,-16.947000,21.664000
0.341000,0.380000,1.477000,-1.084000,-33.603000,35.588000
0.238000,0.356000,1.739000,-0.412000,-52.198000,46.275000
0.136000,0.335000,1.923000,-6.015000,-79.389000,52.626000
0.064000,0.314000,1.920000,-10.947000,-105.511000,57.740000
-0.037000,0.345000,2.001000,-9.084000,-130.656000,60.305000
-0.122000,0.390000,2.102000,-3.908000,-163.206000,62.641000
-0.196000,0.470000,2.240000,-10.824000,-196.718000,63.267000
-0.244000,0.562000,2.335000,-36.229000,-233.664000,67.527000
-0.294000,0.561000,2.206000,-66.794000,-271.069000,73.924000
-0.360000,0.492000,2.000000,-95.206000,-306.595000,75.557000
-0.420000,0.429000,1.737000,-116.137000,-342.473000,72.733000
-0.458000,0.356000,1.454000,-128.260000,-375.847000,66.275000
-0.512000,0.324000,1.213000,-126.580000,-412.687000,57.878000
-0.533000,0.333000,0.943000,-110.595000,-451.588000,54.992000
-0.560000,0.340000,0.707000,-86.153000,-489.893000,57.603000
-0.632000,0.349000,0.373000,-60.015000,-500.275000,67.435000
-0.644000,0.250000,0.029000,-51.618000,-500.275000,75.145000
-0.739000,0.340000,-0.280000,-72.626000,-500.275000,85.908000
-0.681000,0.547000,-1.033000,-142.672000,-500.275000,85.527000
-0.531000,0.551000,-1.648000,-218.305000,-491.603000,91.099000
-0.384000,0.424000,-1.936000,-248.107000,-439.817000,100.809000
-0.323000,0.271000,-2.207000,-212.626000,-403.710000,118.290000
-0.328000,-0.104000,-2.503000,-115.908000,-379.786000,141.939000
-0.347000,-0.629000,-2.678000,-18.641000,-355.908000,151.328000
-0.326000,-1.025000,-2.735000,39.053000,-321.817000,131.725000
-0.189000,-1.173000,-2.651000,46.504000,-278.595000,90.473000
-0.019000,-1.024000,-2.414000,21.832000,-225.969000,51.344000
0.124000,-0.806000,-2.162000,-31.237000,-168.275000,18.382000
0.218000,-0.434000,-1.840000,-84.718000,-123.221000,-1.298000
0.218000,-0.013000,-1.682000,-113.969000,-104.962000,12.107000
0.215000,0.043000,-1.780000,-116.779000,-103.053000,39.695000
0.214000,-0.194000,-1.886000,-92.611000,-101.176000,66.489000
0.207000,-0.425000,-1.900000,-56.412000,-99.420000,78.641000
0.247000,-0.633000,-1.912000,-27.389000,-89.481000,77.328000
0.213000,-0.717000,-1.766000,-10.794000,-91.221000,65.313000
0.248000,-0.726000,-1.645000,1.954000,-77.221000,53.511000
0.269000,-0.672000,-1.522000,6.473000,-68.641000,36.153000
0.307000,-0.625000,-1.416000,6.947000,-60.718000,21.695000
0.328000,-0.535000,-1.309000,-2.580000,-48.901000,12.336000
0.336000,-0.468000,-1.219000,-21.557000,-40.168000,8.061000
0.317000,-0.412000,-1.192000,-35.435000,-37.466000,9.908000
0.295000,-0.430000,-1.248000,-37.786000,-37.038000,14.336000
0.300000,-0.527000,-1.341000,-32.275000,-37.038000,14.947000
0.318000,-0.615000,-1.370000,-21.740000,-33.771000,7.710000
0.326000,-0.650000,-1.353000,-12.702000,-27.069000,-2.382000
0.346000,-0.625000,-1.314000,-5.038000,-20.779000,-14.611000
0.384000,-0.553000,-1.248000,-0.061000,-15.863000,-25.756000
0.413000,-0.456000,-1.184000,2.305000,-11.389000,-31.817000
0.443000,-0.357000,-1.143000,0.748000,-6.718000,-33.527000
0.456000,-0.292000,-1.074000,-3.740000,-2.992000,-32.733000
0.458000,-0.191000,-1.047000,-10.046000,-0.412000,-28.885000
0.464000,-0.168000,-1.021000,-14.977000,1.176000,-21.740000
0.466000,-0.184000,-1.014000,-16.305000,1.954000,-14.031000
0.454000,-0.230000,-0.998000,-15.893000,3.069000,-8.489000
0.449000,-0.281000,-0.977000,-15.389000,4.107000,-6.718000
0.443000,-0.310000,-0.958000,-15.924000,5.557000,-7.847000
0.435000,-0.303000,-0.907000,-15.313000,5.023000,-10.336000
0.422000,-0.298000,-0.883000,-13.130000,2.748000,-12.229000
0.409000,-0.279000,-0.877000,-11.313000,-0.168000,-13.710000
0.420000,-0.253000,-0.893000,-10.550000,-1.939000,-13.374000
0.429000,-0.223000,-0.891000,-12.733000,-1.863000,-11.603000
0.428000,-0.199000,-0.869000,-18.046000,-0.931000,-8.947000
0.424000,-0.181000,-0.883000,-23.725000,-0.840000,-6.305000
0.418000,-0.209000,-0.905000,-27.832000,-0.397000,-4.672000
0.418000,-0.227000,-0.926000,-29.313000,0.580000,-4.015000
0.398000,-0.248000,-0.945000,-27.771000,1.603000,-4.031000
0.390000,-0.273000,-0.921000,-24.901000,1.924000,-6.519000
0.386000,-0.254000,-0.908000,-18.947000,0.855000,-6.931000
0.391000,-0.239000,-0.875000,-14.015000,-1.527000,-6.565000
0.399000,-0.229000,-0.866000,-10.656000,-4.336000,-5.298000
0.401000,-0.224000,-0.874000,-8.290000,-6.885000,-2.947000
0.396000,-0.239000,-0.891000,-8.565000,-8.336000,-1.771000
0.388000,-0.253000,-0.908000,-10.901000,-8.107000,-2.626000
0.390000,-0.251000,-0.912000,-14.107000,-7.282000,-4.198000
