0.812000,0.049000,0.590000,-5.740000,12.641000,-4.702000
0.780000,0.048000,0.620000,-6.687000,14.183000,-5.389000
0.738000,0.024000,0.638000,-7.069000,17.130000,-9.267000
0.708000,0.066000,0.729000,-2.290000,17.832000,-14.489000
0.698000,0.145000,0.869000,5.267000,12.305000,-14.321000
0.684000,0.217000,0.962000,8.763000,2.870000,-10.992000
0.687000,0.282000,1.042000,10.244000,-7.634000,-2.641000
0.671000,0.310000,1.100000,8.092000,-21.344000,5.435000
0.650000,0.287000,1.046000,3.420000,-34.031000,21.893000
0.605000,0.164000,0.990000,5.023000,-46.046000,28.794000
0.591000,0.117000,0.936000,-0.076000,-52.046000,31.756000
0.554000,0.046000,0.864000,-5.252000,-53.023000,32.260000
0.487000,-0.002000,0.860000,-8.076000,-52.153000,24.702000
0.445000,0.061000,0.890000,-6.962000,-52.351000,17.786000
0.411000,0.139000,1.004000,-7.695000,-49.344000,13.221000
0.376000,0.244000,1.236000,-16.947000,-52.214000,9.817000
0.343000,0.398000,1.455000,-33.542000,-64.137000,10.443000
0.281000,0.507000,1.497000,-52.962000,-78.305000,22.351000
0.230000,0.512000,1.571000,-61.038000,-95.832000,35.450000
0.097000,0.540000,1.543000,-61.435000,-116.626000,47.237000
-0.065000,0.578000,1.612000,-56.351000,-138.473000,54.748000
-0.162000,0.687000,1.861000,-52.931000,-174.000000,63.603000
-0.180000,0.788000,2.005000,-56.397000,-217.573000,80.305000
-0.271000,0.786000,1.957000,-74.473000,-260.397000,94.061000
-0.369000,0.732000,1.831000,-102.321000,-297.649000,107.069000
-0.471000,0.662000,1.768000,-151.786000,-333.466000,105.221000
-0.595000,0.669000,1.708000,-207.389000,-380.885000,94.931000
-0.703000,0.558000,1.323000,-228.992000,-431.542000,94.397000
-0.867000,0.388000,0.972000,-215.557000,-481.176000,89.618000
-0.979000,0.276000,0.655000,-178.489000,-500.275000,91.954000
-1.151000,0.187000,0.222000,-136.931000,-500.275000,97.969000
-1.316000,0.027000,-0.079000,-113.557000,-500.275000,98.809000
-1.556000,0.074000,-0.555000,-141.756000,-500.275000,96.290000
-1.761000,0.195000,-1.434000,-215.969000,-500.275000,83.924000
-1.287000,0.418000,-3.324000,-302.489000,-500.275000,62.733000
-0.376000,0.247000,-4.000000,-340.321000,-470.015000,45.527000
0.148000,0.021000,-4.000000,-318.672000,-309.313000,45.298000
0.240000,-0.286000,-3.896000,-246.321000,-195.099000,53.053000
0.124000,-0.530000,-3.185000,-149.237000,-146.840000,55.221000
0.081000,-0.531000,-2.599000,-46.305000,-140.916000,47.267000
0.003000,-0.351000,-2.237000,22.244000,-150.397000,47.313000
-0.075000,-0.373000,-1.776000,37.771000,-172.855000,39.405000
0.219000,-0.157000,-2.239000,36.122000,-153.588000,31.924000
0.421000,-0.087000,-2.067000,-1.756000,-115.985000,35.328000
0.433000,-0.084000,-1.977000,-52.794000,-83.756000,36.626000
0.448000,-0.189000,-1.871000,-80.641000,-61.084000,37.878000
0.422000,-0.276000,-1.770000,-68.489000,-54.000000,41.573000
0.410000,-0.372000,-1.691000,-32.595000,-55.954000,45.328000
0.385000,-0.392000,-1.610000,8.565000,-59.405000,48.031000
0.338000,-0.450000,-1.553000,33.603000,-62.076000,46.015000
0.314000,-0.507000,-1.556000,39.664000,-60.641000,37.130000
0.360000,-0.546000,-1.594000,34.183000,-49.634000,22.519000
0.372000,-0.531000,-1.577000,23.344000,-32.061000,5.344000
0.410000,-0.472000,-1.511000,2.412000,-11.420000,-8.519000
0.439000,-0.396000,-1.380000,-18.229000,6.687000,-16.519000
0.442000,-0.277000,-1.262000,-34.153000,17.420000,-17.679000
0.440000,-0.243000,-1.195000,-40.015000,17.832000,-14.992000
0.438000,-0.264000,-1.157000,-21.313000,8.076000,-10.153000
0.445000,-0.255000,-1.147000,11.740000,-5.985000,-4.076000
0.487000,-0.288000,-1.189000,34.427000,-13.725000,-1.221000
0.495000,-0.292000,-1.212000,41.725000,-11.313000,-2.885000
0.502000,-0.281000,-1.194000,35.405000,-2.366000,-7.344000
0.514000,-0.255000,-1.173000,21.603000,8.824000,-11.969000
0.513000,-0.249000,-1.143000,7.221000,19.481000,-15.206000
0.483000,-0.226000,-1.097000,-2.427000,26.321000,-15.542000
0.479000,-0.238000,-1.037000,-5.618000,29.160000,-14.153000
0.461000,-0.238000,-0.993000,-5.725000,28.336000,-12.397000
0.455000,-0.229000,-0.975000,-1.099000,24.672000,-6.458000
0.466000,-0.289000,-0.995000,6.061000,21.802000,-2.870000
0.453000,-0.317000,-1.005000,10.916000,21.359000,-3.557000
0.465000,-0.346000,-1.018000,12.107000,23.389000,-6.427000
0.454000,-0.352000,-1.002000,9.817000,26.458000,-11.221000
0.450000,-0.367000,-1.004000,1.099000,31.374000,-17.878000
0.464000,-0.346000,-0.984000,-9.237000,36.718000,-24.366000
0.490000,-0.313000,-0.954000,-14.962000,40.718000,-27.389000
0.494000,-0.297000,-0.925000,-17.756000,43.542000,-28.229000
0.505000,-0.288000,-0.899000,-17.710000,44.031000,-27.573000
0.516000,-0.295000,-0.863000,-13.664000,42.702000,-27.328000
0.494000,-0.247000,-0.818000,-7.481000,37.679000,-26.611000
0.517000,-0.267000,-0.845000,-3.206000,31.740000,-26.977000
0.540000,-0.268000,-0.841000,-0.733000,29.328000,-30.702000
0.549000,-0.221000,-0.853000,1.130000,28.031000,-32.183000
0.590000,-0.199000,-0.885000,1.160000,29.038000,-31.435000
0.604000,-0.187000,-0.899000,3.267000,30.076000,-32.275000
0.624000,-0.159000,-0.898000,5.939000,31.756000,-31.176000
0.616000,-0.117000,-0.879000,7.832000,33.420000,-25.863000
0.601000,-0.113000,-0.884000,8.137000,33.435000,-19.847000
0.585000,-0.141000,-0.931000,8.824000,32.718000,-14.962000
0.561000,-0.161000,-1.007000,12.260000,31.115000,-8.885000
0.531000,-0.263000,-1.059000,21.908000,27.573000,-3.466000
0.520000,-0.377000,-1.121000,36.809000,24.153000,-3.008000
0.512000,-0.420000,-1.146000,48.153000,24.443000,-7.511000
0.522000,-0.429000,-1.166000,43.466000,32.809000,-15.191000
0.505000,-0.405000,-1.180000,24.107000,45.618000,-23.206000
0.501000,-0.428000,-1.200000,3.527000,57.832000,-31.863000
0.553000,-0.393000,-1.239000,-8.427000,71.145000,-38.550000
0.564000,-0.264000,-1.291000,-10.916000,81.679000,-33.420000
0.565000,-0.283000,-1.367000,-9.496000,90.122000,-26.626000
0.587000,-0.327000,-1.390000,-1.954000,97.725000,-21.557000
0.531000,-0.369000,-1.481000,11.466000,103.298000,-15.191000
