0.891000,0.003000,0.483000,-11.313000,-1.771000,-5.405000
0.889000,0.017000,0.460000,-14.198000,-1.725000,-6.885000
0.891000,0.028000,0.438000,-16.244000,-0.855000,-7.405000
0.895000,0.040000,0.423000,-16.550000,0.107000,-7.481000
0.908000,0.058000,0.395000,-15.313000,1.908000,-5.939000
0.913000,0.058000,0.431000,-13.740000,2.321000,-4.122000
0.926000,0.049000,0.443000,-11.771000,0.153000,-2.794000
0.923000,0.045000,0.414000,-9.573000,-1.069000,-1.878000
0.926000,0.045000,0.392000,-7.069000,0.458000,-1.221000
0.924000,0.042000,0.404000,-6.534000,2.336000,-0.931000
0.922000,0.032000,0.436000,-8.366000,4.473000,-1.191000
0.915000,0.032000,0.465000,-10.779000,5.206000,-1.191000
0.905000,0.021000,0.477000,-11.878000,3.847000,-0.702000
0.893000,0.018000,0.471000,-11.969000,3.832000,-0.931000
0.899000,0.019000,0.479000,-11.450000,3.374000,-1.038000
0.910000,0.017000,0.470000,-8.595000,1.695000,-0.565000
0.918000,0.012000,0.459000,-7.191000,-0.687000,-1.191000
0.932000,0.007000,0.437000,-6.794000,-1.313000,-2.137000
0.930000,0.012000,0.400000,-6.366000,-0.305000,-2.931000
0.921000,0.019000,0.405000,-7.115000,1.695000,-4.275000
0.915000,0.029000,0.404000,-8.550000,4.153000,-4.763000
0.919000,0.038000,0.411000,-10.122000,5.924000,-5.053000
0.919000,0.046000,0.417000,-11.084000,7.023000,-5.008000
0.921000,0.042000,0.427000,-13.496000,7.939000,-5.069000
0.918000,0.039000,0.413000,-13.878000,8.366000,-4.916000
0.910000,0.042000,0.421000,-10.382000,8.397000,-3.832000
0.917000,0.047000,0.449000,-5.496000,5.710000,-2.412000
0.915000,0.054000,0.438000,-0.580000,2.840000,-0.290000
0.922000,0.061000,0.429000,1.695000,2.076000,1.924000
0.913000,0.058000,0.414000,1.298000,3.420000,2.305000
0.900000,0.053000,0.425000,-0.244000,6.565000,2.000000
0.884000,0.053000,0.461000,-3.038000,9.603000,1.237000
0.860000,0.064000,0.518000,-6.061000,11.115000,0.336000
0.820000,0.080000,0.610000,-8.702000,9.695000,0.504000
0.821000,0.109000,0.630000,-11.878000,8.458000,2.641000
0.771000,0.108000,0.692000,-10.748000,3.878000,4.626000
0.767000,0.122000,0.735000,-4.809000,-3.099000,7.328000
0.753000,0.170000,0.775000,7.450000,-13.893000,13.664000
0.710000,0.187000,0.810000,25.771000,-26.061000,21.344000
0.692000,0.192000,0.857000,40.092000,-37.450000,26.840000
0.641000,0.220000,0.858000,44.412000,-44.153000,31.679000
0.598000,0.211000,0.919000,42.733000,-46.718000,34.183000
0.546000,0.212000,1.000000,33.664000,-47.679000,33.527000
0.437000,0.240000,1.197000,18.198000,-49.527000,30.153000
0.343000,0.319000,1.482000,1.939000,-60.992000,30.550000
0.298000,0.430000,1.703000,-24.519000,-78.901000,36.763000
0.239000,0.476000,1.922000,-49.481000,-107.573000,45.771000
0.158000,0.486000,1.991000,-58.458000,-148.122000,58.489000
0.090000,0.441000,1.943000,-55.405000,-192.947000,70.595000
0.011000,0.381000,1.801000,-46.885000,-236.977000,79.664000
-0.041000,0.323000,1.547000,-41.527000,-272.427000,83.786000
-0.092000,0.268000,1.330000,-47.405000,-301.664000,84.168000
-0.129000,0.206000,1.111000,-61.527000,-322.412000,78.641000
-0.182000,0.260000,1.061000,-94.000000,-338.901000,68.473000
-0.219000,0.327000,0.951000,-125.863000,-359.466000,64.473000
-0.251000,0.260000,0.719000,-142.656000,-378.962000,63.084000
-0.317000,0.115000,0.487000,-136.015000,-395.771000,57.099000
-0.323000,0.125000,0.317000,-115.908000,-411.802000,48.931000
-0.400000,0.032000,0.150000,-104.427000,-427.771000,36.427000
-0.329000,0.179000,-0.173000,-96.321000,-430.763000,37.557000
-0.386000,0.318000,-0.261000,-94.427000,-439.618000,48.031000
-0.434000,0.314000,-0.438000,-89.893000,-457.832000,59.496000
-0.546000,0.223000,-0.790000,-86.580000,-472.137000,69.618000
-0.607000,0.097000,-1.251000,-92.015000,-475.908000,73.038000
-0.626000,0.077000,-1.903000,-116.962000,-460.916000,72.183000
-0.525000,-0.143000,-2.577000,-153.618000,-412.031000,54.962000
-0.322000,-0.221000,-3.036000,-164.489000,-340.779000,32.015000
-0.101000,-0.277000,-3.182000,-148.962000,-272.198000,12.809000
0.016000,-0.190000,-3.013000,-109.038000,-218.504000,8.198000
0.004000,-0.103000,-2.781000,-59.939000,-192.580000,14.626000
0.070000,-0.105000,-2.637000,-15.160000,-177.679000,20.885000
0.178000,-0.062000,-2.473000,14.809000,-159.740000,27.802000
0.261000,-0.028000,-2.316000,12.397000,-136.092000,35.618000
0.275000,-0.042000,-2.099000,-11.603000,-113.786000,39.893000
0.296000,-0.107000,-2.032000,-34.412000,-98.504000,42.580000
0.365000,-0.195000,-2.030000,-42.489000,-81.496000,43.267000
0.410000,-0.294000,-1.960000,-35.069000,-62.748000,42.122000
0.428000,-0.363000,-1.796000,-22.733000,-46.305000,38.412000
0.423000,-0.407000,-1.613000,-12.473000,-34.229000,31.328000
0.407000,-0.383000,-1.365000,-3.038000,-29.542000,25.267000
0.389000,-0.352000,-1.235000,-0.046000,-29.527000,20.565000
0.401000,-0.331000,-1.193000,-3.176000,-29.924000,15.206000
0.415000,-0.293000,-1.183000,-7.252000,-29.145000,10.412000
0.409000,-0.229000,-1.166000,-14.412000,-28.763000,7.511000
0.413000,-0.166000,-1.197000,-21.924000,-27.863000,7.160000
0.445000,-0.188000,-1.258000,-27.649000,-24.458000,6.076000
0.463000,-0.198000,-1.282000,-29.863000,-18.382000,3.023000
0.463000,-0.194000,-1.277000,-27.160000,-13.008000,-0.870000
0.463000,-0.182000,-1.213000,-23.420000,-8.763000,-5.145000
0.471000,-0.172000,-1.173000,-21.023000,-5.908000,-9.191000
0.477000,-0.131000,-1.148000,-19.115000,-3.786000,-11.328000
0.478000,-0.077000,-1.131000,-14.122000,-2.504000,-9.389000
0.462000,-0.044000,-1.120000,-9.115000,-1.511000,-5.542000
0.427000,-0.024000,-1.116000,-6.916000,-2.229000,-0.840000
0.409000,-0.049000,-1.138000,-6.122000,-1.939000,2.824000
0.402000,-0.111000,-1.144000,-6.412000,0.260000,3.618000
0.395000,-0.167000,-1.144000,-7.053000,3.863000,1.588000
0.389000,-0.182000,-1.128000,-6.382000,7.527000,-1.252000
0.378000,-0.182000,-1.083000,-5.084000,10.305000,-3.710000
0.374000,-0.174000,-1.040000,-4.641000,12.092000,-6.580000
