0.453000,-0.097000,-0.933000,-15.634000,-1.908000,-2.107000
0.462000,-0.076000,-0.936000,-15.420000,-3.023000,-5.282000
0.482000,-0.044000,-0.967000,-13.511000,-3.038000,-6.641000
0.500000,-0.001000,-0.972000,-10.641000,-2.076000,-5.176000
0.501000,0.041000,-0.969000,-6.870000,-1.160000,-0.809000
0.515000,0.047000,-0.970000,-6.351000,-0.015000,4.351000
0.509000,0.003000,-0.993000,-8.275000,3.435000,6.687000
0.487000,-0.038000,-0.971000,-11.924000,6.763000,5.679000
0.480000,-0.055000,-0.920000,-13.221000,7.084000,3.328000
0.460000,-0.052000,-0.873000,-13.832000,4.595000,1.893000
0.467000,-0.067000,-0.876000,-12.672000,1.664000,0.107000
0.471000,-0.061000,-0.883000,-11.817000,-0.351000,-1.191000
0.486000,-0.072000,-0.907000,-11.069000,-1.374000,-2.702000
0.509000,-0.066000,-0.948000,-9.115000,-0.550000,-3.344000
0.524000,-0.038000,-0.963000,-6.061000,1.802000,-1.435000
0.507000,-0.042000,-0.954000,-4.137000,3.420000,1.496000
0.502000,-0.065000,-0.976000,-4.229000,4.931000,2.473000
0.498000,-0.094000,-0.984000,-4.626000,6.977000,0.977000
0.482000,-0.102000,-0.979000,-5.267000,6.733000,-2.824000
0.492000,-0.119000,-0.998000,-4.427000,7.176000,-5.740000
0.511000,-0.102000,-1.010000,0.061000,7.847000,-7.435000
0.522000,-0.086000,-1.057000,4.565000,10.137000,-6.504000
0.517000,-0.139000,-1.091000,14.748000,12.015000,-5.206000
0.490000,-0.254000,-1.147000,47.328000,8.840000,-2.901000
0.445000,-0.603000,-1.301000,125.450000,-1.878000,-4.198000
0.403000,-0.827000,-1.406000,266.901000,-25.588000,-4.519000
0.367000,-0.895000,-1.504000,417.130000,-53.740000,-2.641000
0.327000,-0.864000,-1.503000,500.260000,-76.107000,-6.031000
0.322000,-0.834000,-1.521000,500.260000,-88.153000,-17.466000
0.316000,-0.770000,-1.496000,500.260000,-91.649000,-30.046000
0.286000,-1.066000,-1.540000,500.260000,-90.550000,-47.328000
0.235000,-1.292000,-1.590000,500.260000,-86.840000,-73.756000
0.152000,-1.602000,-1.716000,500.260000,-83.588000,-106.336000
0.060000,-1.680000,-1.815000,500.260000,-75.374000,-148.641000
0.002000,-1.359000,-1.754000,500.260000,-59.344000,-189.878000
0.031000,-1.063000,-1.587000,500.260000,-34.427000,-231.588000
0.169000,-0.296000,-1.124000,500.260000,-12.489000,-247.176000
0.425000,0.186000,-0.669000,494.092000,-0.305000,-227.252000
0.651000,0.291000,-0.349000,369.725000,15.679000,-196.672000
0.691000,0.082000,-0.177000,266.519000,24.947000,-169.252000
0.653000,-0.173000,-0.190000,217.908000,24.076000,-150.153000
0.620000,-0.462000,-0.354000,213.649000,20.916000,-140.198000
0.600000,-0.526000,-0.404000,240.763000,18.275000,-130.137000
0.608000,-0.351000,-0.312000,266.809000,14.611000,-118.702000
0.632000,-0.281000,-0.191000,263.099000,9.893000,-107.267000
0.684000,-0.182000,-0.017000,232.382000,15.679000,-103.725000
0.691000,0.007000,0.266000,174.901000,17.252000,-97.740000
0.710000,0.081000,0.410000,104.336000,12.626000,-84.504000
0.688000,-0.009000,0.397000,49.130000,4.794000,-71.817000
0.649000,-0.190000,0.308000,25.221000,-6.641000,-60.366000
0.610000,-0.378000,0.172000,23.466000,-18.412000,-53.954000
0.612000,-0.589000,-0.029000,34.962000,-23.557000,-56.992000
0.649000,-0.491000,-0.002000,51.374000,-27.374000,-57.695000
0.710000,-0.335000,0.019000,60.779000,-32.153000,-49.023000
0.792000,-0.227000,-0.001000,55.160000,-29.878000,-38.824000
0.851000,-0.189000,-0.011000,33.420000,-20.809000,-30.458000
0.864000,-0.187000,0.021000,7.878000,-11.618000,-21.008000
0.846000,-0.271000,0.022000,-6.336000,-5.435000,-10.977000
0.808000,-0.321000,0.090000,-6.198000,-4.931000,-1.420000
0.775000,-0.393000,0.080000,-1.832000,-7.344000,7.588000
0.721000,-0.582000,0.026000,5.634000,-7.618000,8.031000
0.691000,-0.666000,0.031000,17.160000,-5.832000,0.382000
0.680000,-0.634000,0.122000,22.595000,-7.985000,-6.336000
0.716000,-0.530000,0.201000,19.893000,-13.053000,-7.557000
0.746000,-0.477000,0.167000,2.580000,-14.992000,-9.435000
0.838000,-0.449000,0.014000,-18.107000,-9.557000,-9.939000
0.922000,-0.401000,-0.030000,-31.679000,1.557000,-4.336000
0.907000,-0.405000,0.010000,-37.710000,9.069000,6.687000
0.841000,-0.535000,0.046000,-35.649000,11.511000,14.794000
0.757000,-0.739000,0.038000,-25.221000,12.275000,13.145000
0.701000,-0.826000,0.073000,-7.832000,11.985000,5.756000
0.702000,-0.764000,0.161000,5.069000,7.756000,-2.214000
0.724000,-0.607000,0.241000,6.412000,3.084000,-6.366000
0.772000,-0.544000,0.250000,-10.397000,2.229000,-7.756000
0.794000,-0.581000,0.219000,-35.008000,5.802000,-11.863000
0.823000,-0.601000,0.163000,-52.916000,10.565000,-14.901000
0.847000,-0.602000,0.125000,-56.305000,13.893000,-11.710000
0.832000,-0.629000,0.125000,-46.015000,14.137000,-5.466000
0.823000,-0.637000,0.119000,-29.969000,12.244000,0.489000
0.816000,-0.617000,0.115000,-16.214000,11.786000,5.634000
0.815000,-0.637000,0.133000,-7.115000,12.351000,8.153000
0.785000,-0.625000,0.184000,-3.679000,12.733000,8.427000
0.763000,-0.655000,0.228000,-3.389000,11.069000,7.786000
0.744000,-0.647000,0.270000,-5.221000,7.542000,5.863000
0.750000,-0.622000,0.276000,-9.420000,3.664000,4.611000
0.763000,-0.636000,0.266000,-16.504000,0.412000,2.534000
0.774000,-0.660000,0.222000,-20.046000,-1.679000,0.092000
0.773000,-0.692000,0.177000,-15.679000,-2.916000,-1.496000
0.790000,-0.672000,0.181000,-7.664000,-3.237000,-1.176000
0.792000,-0.634000,0.195000,-4.015000,-3.954000,-0.061000
0.792000,-0.595000,0.216000,-4.824000,-4.031000,1.252000
0.806000,-0.594000,0.195000,-12.122000,-3.725000,0.687000
0.804000,-0.613000,0.158000,-19.511000,-1.313000,-0.901000
0.803000,-0.626000,0.152000,-24.015000,-0.214000,-2.275000
0.807000,-0.638000,0.136000,-22.031000,0.718000,-1.099000
0.796000,-0.692000,0.122000,-13.542000,0.992000,-0.901000
0.794000,-0.680000,0.133000,-5.374000,1.802000,-1.542000
0.781000,-0.683000,0.145000,-0.656000,2.092000,-2.855000
0.778000,-0.649000,0.175000,3.145000,1.496000,-4.580000
