0.042000,0.058000,0.899000,-6.664000,2.817000,-0.214000
0.061000,0.061000,0.872000,-6.740000,3.695000,-0.389000
0.063000,0.051000,0.865000,-7.405000,3.733000,-0.489000
0.088000,0.046000,0.817000,-8.695000,4.947000,-0.878000
0.113000,0.040000,0.790000,-9.878000,6.664000,-1.565000
0.115000,0.045000,0.784000,-10.557000,9.053000,-2.435000
0.101000,0.041000,0.784000,-11.733000,10.901000,-2.962000
0.082000,0.045000,0.837000,-11.863000,11.695000,-3.275000
0.083000,0.066000,0.794000,-13.321000,12.756000,-2.710000
0.132000,0.042000,0.719000,-14.298000,15.634000,-3.015000
0.157000,0.049000,0.656000,-19.313000,19.427000,-4.313000
0.223000,0.020000,0.552000,-25.221000,25.550000,-7.130000
0.330000,-0.027000,0.371000,-31.611000,37.130000,-11.496000
0.350000,-0.039000,0.311000,-38.756000,52.924000,-16.641000
0.355000,-0.100000,0.284000,-47.321000,68.458000,-23.282000
0.089000,-0.083000,0.759000,-51.725000,73.374000,-27.076000
-0.112000,-0.132000,1.073000,-63.176000,64.214000,-32.298000
-0.056000,-0.196000,0.859000,-58.412000,66.168000,-36.321000
-0.083000,-0.114000,0.798000,-54.580000,69.817000,-37.298000
-0.071000,-0.154000,0.870000,-46.305000,75.458000,-36.420000
-0.033000,-0.109000,0.816000,-31.977000,79.962000,-33.344000
0.012000,-0.040000,0.667000,-19.649000,87.489000,-29.855000
0.067000,0.058000,0.540000,-9.405000,96.641000,-24.435000
0.059000,0.108000,0.622000,0.069000,104.580000,-16.733000
-0.008000,0.138000,0.722000,8.397000,109.557000,-7.000000
-0.073000,0.197000,0.715000,18.794000,114.481000,4.473000
-0.045000,0.272000,0.705000,27.527000,118.985000,17.725000
-0.518000,0.460000,1.162000,12.450000,111.267000,31.206000
-0.453000,0.152000,1.299000,2.328000,106.313000,28.634000
-0.764000,0.037000,1.447000,-36.672000,91.763000,8.015000
-0.689000,0.007000,1.598000,-11.695000,73.053000,3.267000
-1.594000,0.001000,2.000000,-83.267000,31.511000,-12.573000
-0.596000,-0.632000,1.130000,5.206000,1.725000,-1.977000
-0.355000,-0.076000,0.798000,-6.008000,0.374000,6.603000
-0.196000,-0.241000,0.847000,5.786000,2.137000,8.023000
-0.168000,-0.135000,0.839000,8.992000,3.901000,7.000000
-0.129000,-0.155000,0.757000,-0.168000,6.786000,1.344000
-0.236000,0.041000,0.843000,7.366000,6.855000,1.771000
-0.294000,0.157000,0.856000,-3.916000,6.969000,0.611000
-0.272000,0.027000,0.867000,-9.443000,5.969000,-0.832000
-0.273000,-0.068000,0.904000,-8.931000,4.534000,-2.389000
-0.269000,-0.053000,0.889000,-7.725000,3.473000,-2.504000
-0.265000,-0.026000,0.870000,-7.252000,2.954000,-1.969000
-0.263000,-0.032000,0.866000,-6.626000,2.771000,-1.130000
-0.248000,-0.046000,0.863000,-4.985000,2.252000,-0.802000
-0.253000,-0.024000,0.845000,-5.092000,2.458000,-0.878000
-0.257000,-0.021000,0.851000,-5.168000,2.298000,-0.511000
-0.253000,-0.025000,0.861000,-4.710000,2.183000,-0.427000
-0.256000,-0.015000,0.855000,-3.985000,2.099000,-0.038000
-0.251000,-0.014000,0.854000,-4.794000,1.939000,0.046000
-0.247000,-0.033000,0.856000,-4.344000,2.229000,0.122000
-0.254000,-0.030000,0.857000,-4.313000,2.008000,-0.069000
-0.244000,-0.015000,0.849000,-4.878000,2.229000,-0.221000
-0.243000,-0.011000,0.855000,-5.252000,2.458000,-0.511000
-0.248000,-0.020000,0.850000,-5.519000,2.656000,-0.611000
-0.254000,-0.022000,0.847000,-5.634000,2.794000,-0.771000
-0.255000,-0.021000,0.870000,-5.542000,2.473000,-0.672000
-0.259000,-0.030000,0.862000,-5.244000,2.634000,-0.359000
-0.270000,-0.027000,0.865000,-4.893000,1.969000,-0.214000
-0.261000,-0.016000,0.854000,-5.260000,1.305000,0.176000
-0.259000,-0.015000,0.863000,-4.969000,1.168000,0.115000
-0.249000,-0.022000,0.860000,-5.344000,0.832000,-0.038000
-0.258000,-0.017000,0.852000,-5.603000,0.985000,-0.405000
-0.258000,-0.021000,0.846000,-5.466000,1.290000,-0.740000
-0.253000,-0.020000,0.843000,-5.336000,1.511000,-0.847000
-0.256000,-0.025000,0.847000,-5.740000,1.588000,-1.008000
-0.261000,-0.028000,0.860000,-5.328000,1.618000,-0.771000
-0.256000,-0.028000,0.847000,-5.718000,1.542000,-0.817000
-0.262000,-0.024000,0.855000,-5.473000,1.275000,-0.847000
-0.257000,-0.023000,0.854000,-5.092000,1.298000,-0.603000
-0.260000,-0.019000,0.857000,-5.389000,1.328000,-0.557000
-0.265000,-0.012000,0.873000,-5.237000,0.756000,-0.374000
-0.256000,-0.027000,0.865000,-5.145000,0.931000,-0.275000
-0.258000,-0.030000,0.850000,-4.870000,0.885000,-0.221000
-0.253000,-0.019000,0.848000,-5.313000,1.206000,-0.260000
-0.250000,-0.019000,0.862000,-5.298000,1.099000,-0.244000
-0.257000,-0.027000,0.848000,-5.229000,1.298000,-0.519000
-0.261000,-0.017000,0.861000,-5.000000,1.023000,-0.336000
-0.260000,-0.024000,0.852000,-5.008000,1.023000,-0.244000
-0.260000,-0.031000,0.847000,-4.916000,0.962000,-0.092000
-0.252000,-0.021000,0.849000,-5.183000,0.672000,-0.023000
-0.257000,-0.019000,0.845000,-5.221000,0.855000,-0.214000
-0.255000,-0.017000,0.844000,-5.137000,1.046000,-0.137000
-0.252000,-0.019000,0.859000,-5.176000,0.748000,-0.420000
-0.250000,-0.017000,0.855000,-5.267000,1.008000,-0.519000
-0.255000,-0.020000,0.850000,-5.405000,1.015000,-0.679000
-0.260000,-0.023000,0.853000,-5.794000,1.092000,-0.450000
-0.257000,-0.021000,0.855000,-5.664000,1.107000,-0.496000
-0.260000,-0.021000,0.851000,-5.511000,1.084000,-0.611000
-0.250000,-0.021000,0.851000,-5.634000,1.145000,-0.542000
-0.251000,-0.026000,0.853000,-5.237000,1.130000,-0.588000
-0.257000,-0.020000,0.851000,-5.267000,1.023000,-0.779000
-0.260000,-0.018000,0.863000,-5.718000,1.084000,-0.550000
-0.261000,-0.032000,0.860000,-5.656000,1.053000,-0.481000
-0.257000,-0.021000,0.854000,-5.260000,0.893000,-0.267000
-0.261000,-0.018000,0.856000,-5.344000,0.878000,-0.344000
-0.263000,-0.030000,0.854000,-5.221000,0.840000,-0.405000
-0.255000,-0.028000,0.858000,-5.031000,0.847000,-0.183000
-0.263000,-0.014000,0.864000,-5.046000,0.939000,-0.359000
-0.249000,-0.021000,0.853000,-5.176000,0.939000,-0.282000
