-0.042000,0.410000,0.828000,-3.397000,-0.985000,3.374000
-0.004000,0.376000,0.833000,-4.084000,-3.664000,2.183000
0.049000,0.334000,0.765000,-4.687000,-4.916000,0.382000
0.101000,0.343000,0.714000,-3.969000,-4.038000,-1.053000
0.099000,0.367000,0.686000,-3.206000,-2.893000,-1.550000
0.112000,0.391000,0.660000,-2.634000,-0.702000,-1.901000
0.099000,0.409000,0.664000,-2.443000,1.321000,-1.466000
0.073000,0.421000,0.690000,-2.198000,2.710000,-0.366000
0.068000,0.444000,0.724000,-1.672000,4.412000,0.031000
-0.010000,0.455000,0.774000,-1.702000,3.336000,1.321000
0.018000,0.425000,0.755000,-2.641000,2.725000,1.809000
0.003000,0.410000,0.812000,-1.863000,2.031000,1.595000
-0.067000,0.428000,0.845000,-2.008000,-1.069000,2.023000
-0.008000,0.396000,0.790000,-3.595000,-3.634000,1.321000
0.016000,0.371000,0.779000,-4.221000,-5.542000,0.328000
0.101000,0.355000,0.714000,-3.679000,-4.611000,-0.756000
0.113000,0.368000,0.683000,-3.252000,-2.763000,-1.504000
0.103000,0.404000,0.686000,-2.916000,-1.122000,-1.351000
0.089000,0.420000,0.668000,-2.779000,0.458000,-0.985000
0.060000,0.446000,0.708000,-2.183000,1.969000,0.115000
0.043000,0.445000,0.730000,-2.473000,2.252000,1.504000
0.039000,0.433000,0.752000,-2.450000,2.603000,1.885000
-0.005000,0.419000,0.794000,-2.580000,1.405000,2.107000
0.027000,0.392000,0.764000,-2.901000,0.366000,1.634000
0.015000,0.389000,0.790000,-3.351000,-0.603000,0.870000
0.036000,0.384000,0.761000,-3.359000,-1.603000,0.473000
0.067000,0.376000,0.719000,-3.527000,-1.511000,-0.519000
0.081000,0.384000,0.705000,-3.405000,-0.687000,-1.015000
0.090000,0.400000,0.689000,-3.267000,0.618000,-0.969000
0.098000,0.391000,0.665000,-2.840000,2.244000,-0.618000
0.111000,0.401000,0.674000,-3.076000,4.794000,-1.275000
0.106000,0.394000,0.667000,-2.656000,6.504000,-0.855000
0.125000,0.369000,0.639000,-4.580000,7.718000,-2.260000
0.185000,0.351000,0.567000,-8.511000,9.183000,-4.450000
0.323000,0.250000,0.436000,-16.000000,10.595000,-9.641000
0.396000,0.144000,0.344000,-23.344000,10.542000,-16.840000
0.772000,0.004000,0.115000,-31.725000,24.740000,-31.611000
0.826000,-0.187000,0.069000,-20.763000,49.611000,-40.466000
0.940000,-0.166000,-0.103000,-1.000000,80.466000,-43.878000
0.870000,-0.094000,-0.218000,7.405000,111.817000,-51.252000
0.839000,-0.090000,-0.286000,16.397000,140.870000,-57.046000
0.696000,-0.020000,-0.281000,21.641000,171.053000,-65.092000
0.468000,0.055000,-0.250000,22.641000,195.260000,-72.389000
0.301000,0.095000,-0.233000,26.664000,217.725000,-77.733000
0.071000,0.194000,-0.164000,31.061000,239.496000,-81.046000
-0.182000,0.318000,-0.067000,28.481000,250.130000,-86.145000
-0.315000,0.354000,0.004000,28.725000,250.130000,-87.481000
-0.502000,0.441000,0.107000,25.672000,250.130000,-91.985000
-0.644000,0.448000,0.180000,18.305000,250.130000,-98.595000
-0.660000,0.374000,0.216000,-9.733000,250.130000,-133.145000
-1.086000,0.946000,2.000000,-61.687000,250.130000,-197.137000
-2.000000,1.514000,2.000000,88.374000,250.130000,-113.282000
-2.000000,0.828000,1.215000,158.115000,-230.244000,205.321000
2.000000,0.653000,-2.000000,-179.603000,-179.840000,-58.840000
0.428000,-1.069000,-0.373000,7.756000,-26.099000,50.519000
-0.177000,0.902000,0.441000,4.985000,-44.244000,25.168000
0.279000,-0.207000,0.688000,-61.664000,-20.153000,-22.863000
0.246000,-0.432000,0.375000,37.206000,35.061000,-4.107000
-0.001000,0.537000,0.173000,8.015000,47.573000,-25.534000
-0.525000,0.580000,0.566000,-1.733000,56.298000,-32.099000
-0.815000,0.460000,0.727000,-1.427000,42.260000,-26.275000
-0.883000,0.279000,0.671000,12.504000,32.527000,-12.817000
-0.977000,0.509000,0.660000,14.740000,13.626000,0.954000
-0.681000,0.431000,0.709000,-0.977000,-3.084000,4.137000
-0.219000,0.179000,0.505000,6.718000,5.244000,4.344000
-0.335000,0.414000,0.484000,11.374000,16.695000,-1.176000
-0.499000,0.397000,0.546000,3.191000,16.550000,-8.359000
-0.560000,0.354000,0.570000,6.069000,16.435000,-6.885000
-0.544000,0.455000,0.540000,4.656000,16.359000,-4.038000
-0.545000,0.387000,0.588000,2.702000,15.336000,-3.420000
-0.554000,0.350000,0.598000,3.595000,13.924000,-1.748000
-0.502000,0.366000,0.540000,5.298000,15.305000,-1.702000
-0.517000,0.401000,0.556000,3.756000,15.412000,-2.099000
-0.498000,0.377000,0.531000,2.962000,16.069000,-3.420000
-0.518000,0.363000,0.542000,3.038000,15.985000,-3.710000
-0.542000,0.371000,0.557000,4.229000,15.947000,-3.252000
-0.563000,0.390000,0.553000,3.718000,14.313000,-2.878000
-0.566000,0.396000,0.536000,3.221000,12.756000,-2.305000
-0.577000,0.395000,0.547000,2.321000,10.733000,-1.916000
-0.561000,0.391000,0.537000,1.435000,9.038000,-1.504000
-0.552000,0.382000,0.531000,1.321000,7.527000,-1.191000
-0.551000,0.393000,0.524000,0.756000,6.695000,-1.031000
-0.551000,0.384000,0.537000,0.458000,6.740000,-0.962000
-0.545000,0.383000,0.530000,0.557000,6.168000,-0.679000
-0.552000,0.377000,0.534000,0.626000,6.282000,-0.504000
-0.529000,0.381000,0.520000,0.557000,6.489000,-0.672000
-0.529000,0.384000,0.533000,0.122000,7.008000,-1.061000
-0.537000,0.388000,0.521000,0.427000,6.985000,-1.145000
-0.548000,0.384000,0.530000,-0.290000,7.145000,-1.687000
-0.557000,0.386000,0.523000,-0.351000,7.053000,-1.847000
-0.559000,0.391000,0.518000,-0.916000,5.565000,-1.618000
-0.555000,0.393000,0.527000,-1.588000,4.939000,-1.603000
-0.564000,0.378000,0.524000,-1.756000,4.481000,-1.641000
-0.553000,0.380000,0.527000,-2.038000,3.870000,-1.649000
-0.548000,0.386000,0.527000,-2.206000,3.618000,-1.947000
-0.545000,0.382000,0.515000,-1.962000,3.344000,-2.031000
-0.551000,0.386000,0.525000,-2.237000,3.351000,-2.084000
-0.545000,0.384000,0.525000,-2.130000,3.885000,-2.092000
-0.542000,0.378000,0.529000,-2.061000,4.573000,-2.290000
-0.544000,0.376000,0.525000,-2.046000,4.992000,-2.374000
