0.949000,-0.470000,-0.057000,-5.191000,0.634000,3.870000
0.958000,-0.475000,-0.067000,-5.924000,1.290000,3.298000
0.947000,-0.483000,-0.060000,-5.885000,1.336000,2.137000
0.955000,-0.490000,-0.051000,-5.901000,0.992000,0.840000
0.936000,-0.489000,-0.039000,-5.031000,0.366000,0.489000
0.940000,-0.478000,-0.046000,-4.290000,0.351000,1.084000
0.939000,-0.464000,-0.055000,-4.282000,0.527000,2.023000
0.935000,-0.474000,-0.044000,-5.061000,-0.084000,2.489000
0.955000,-0.474000,-0.059000,-5.359000,-0.176000,2.435000
0.963000,-0.468000,-0.078000,-6.122000,1.160000,2.695000
0.974000,-0.487000,-0.073000,-6.954000,2.595000,1.069000
0.971000,-0.494000,-0.070000,-6.565000,3.817000,-0.366000
0.984000,-0.487000,-0.094000,-7.496000,5.130000,-2.069000
0.994000,-0.438000,-0.153000,-10.435000,9.511000,-2.863000
0.985000,-0.423000,-0.135000,-16.534000,13.786000,-3.122000
0.980000,-0.437000,-0.106000,-22.756000,14.504000,-5.084000
0.947000,-0.429000,-0.072000,-25.397000,15.000000,-5.267000
0.941000,-0.425000,-0.083000,-26.588000,16.885000,-2.924000
0.957000,-0.405000,-0.110000,-27.855000,19.985000,0.855000
0.972000,-0.409000,-0.132000,-29.878000,24.344000,4.626000
0.998000,-0.448000,-0.173000,-34.305000,31.321000,3.458000
0.980000,-0.473000,-0.129000,-37.374000,37.832000,-0.015000
0.928000,-0.508000,0.071000,-36.626000,33.664000,-3.183000
0.738000,-0.425000,0.360000,-27.412000,10.496000,2.450000
0.875000,-0.151000,0.084000,-19.656000,-3.458000,36.229000
1.105000,-0.647000,-0.101000,-15.817000,-2.573000,36.748000
1.105000,-0.908000,-0.211000,-27.947000,8.252000,2.893000
0.938000,-0.604000,0.083000,-23.786000,6.931000,-9.382000
0.880000,-0.496000,0.048000,-13.954000,1.618000,-1.519000
0.915000,-0.478000,-0.043000,-10.626000,1.626000,5.450000
0.901000,-0.461000,-0.047000,-7.779000,4.092000,11.412000
0.916000,-0.486000,-0.041000,-7.756000,3.359000,14.389000
0.918000,-0.521000,-0.036000,-8.695000,2.420000,12.550000
0.913000,-0.528000,-0.022000,-9.588000,0.695000,9.282000
0.944000,-0.552000,-0.021000,-9.405000,-0.832000,5.641000
0.928000,-0.538000,-0.085000,-12.878000,-1.435000,1.794000
0.960000,-0.521000,-0.059000,-12.031000,0.672000,1.412000
0.908000,-0.516000,-0.048000,-12.008000,1.137000,2.832000
0.917000,-0.530000,-0.012000,-9.542000,1.160000,3.962000
0.929000,-0.556000,-0.021000,-8.626000,-0.420000,3.427000
0.926000,-0.541000,-0.028000,-8.557000,-1.939000,2.336000
0.910000,-0.498000,-0.045000,-7.733000,-2.519000,4.374000
0.941000,-0.488000,-0.068000,-4.618000,-0.382000,10.450000
1.021000,-0.495000,-0.168000,-2.725000,6.031000,13.443000
1.120000,-0.592000,-0.235000,-2.763000,18.786000,11.534000
1.135000,-0.795000,-0.255000,-7.733000,31.901000,-4.557000
1.278000,-0.993000,-0.449000,-14.160000,55.168000,-34.107000
1.734000,-0.796000,-1.995000,71.389000,-120.870000,67.137000
0.970000,-0.263000,0.105000,54.611000,-62.000000,21.687000
1.073000,-0.503000,-0.322000,23.420000,-65.992000,14.916000
1.135000,-0.347000,-0.473000,15.794000,-31.244000,14.328000
1.147000,-0.434000,-0.457000,-9.000000,-7.519000,8.863000
1.142000,-0.513000,-0.396000,-28.557000,11.916000,-4.740000
1.165000,-0.646000,-0.305000,-42.672000,31.198000,-23.382000
1.028000,-0.911000,0.053000,-37.221000,34.015000,-49.992000
0.973000,-0.895000,0.109000,-20.191000,28.481000,-74.702000
0.919000,-0.567000,0.009000,-3.710000,26.687000,-77.298000
0.856000,-0.289000,-0.098000,-0.275000,30.847000,-59.489000
0.847000,-0.260000,-0.096000,-2.176000,34.573000,-37.580000
0.844000,-0.318000,0.018000,4.412000,33.954000,-18.649000
0.661000,-0.081000,0.401000,13.298000,16.924000,5.115000
0.285000,0.666000,0.441000,28.458000,-38.382000,67.725000
1.136000,-0.614000,-0.508000,-1.840000,-27.305000,66.031000
1.134000,-0.836000,-0.380000,-20.427000,-4.611000,28.206000
1.054000,-0.528000,-0.063000,-2.786000,11.771000,26.382000
1.045000,-0.625000,-0.217000,-11.809000,12.954000,14.504000
1.181000,-0.731000,-0.422000,-28.221000,27.305000,-10.893000
1.209000,-0.783000,-0.416000,-27.366000,56.313000,-25.443000
1.021000,-0.866000,-1.128000,-22.328000,-94.115000,53.397000
1.144000,-0.587000,0.179000,12.389000,-73.977000,30.389000
1.167000,-0.734000,-0.332000,12.389000,-55.847000,19.046000
1.166000,-0.698000,-0.141000,13.519000,-41.931000,7.145000
1.128000,-0.775000,-0.114000,9.626000,-33.405000,-16.809000
1.075000,-0.605000,-0.165000,6.443000,-23.679000,-30.282000
0.996000,-0.416000,-0.214000,0.023000,-12.779000,-30.313000
0.883000,-0.307000,-0.150000,-7.015000,-5.656000,-20.099000
0.833000,-0.328000,-0.066000,-8.580000,-4.901000,-5.489000
0.838000,-0.338000,-0.081000,-7.053000,-4.344000,8.702000
0.879000,-0.412000,-0.081000,-2.450000,-0.939000,20.153000
0.930000,-0.512000,-0.079000,4.405000,3.191000,24.679000
0.918000,-0.560000,-0.061000,10.832000,5.771000,23.328000
0.929000,-0.563000,-0.055000,15.023000,8.061000,18.916000
0.904000,-0.560000,-0.022000,15.198000,6.344000,12.031000
0.902000,-0.523000,-0.064000,10.015000,4.397000,5.466000
0.925000,-0.499000,-0.099000,4.176000,5.374000,1.847000
0.941000,-0.522000,-0.102000,0.389000,6.893000,-1.198000
0.969000,-0.529000,-0.104000,-1.229000,9.092000,-3.405000
0.975000,-0.539000,-0.069000,-0.817000,9.656000,-5.939000
0.984000,-0.514000,-0.040000,-1.008000,6.092000,-9.427000
0.976000,-0.463000,-0.065000,-1.397000,3.008000,-8.695000
0.971000,-0.442000,-0.089000,-1.939000,3.450000,-6.084000
0.962000,-0.451000,-0.071000,-1.244000,4.046000,-3.313000
0.966000,-0.438000,-0.081000,0.359000,5.031000,-0.092000
0.944000,-0.448000,-0.083000,-2.000000,5.137000,1.573000
0.952000,-0.455000,-0.053000,-3.534000,3.519000,2.344000
0.946000,-0.475000,-0.047000,-4.664000,1.908000,2.107000
0.937000,-0.486000,-0.044000,-4.122000,1.893000,2.756000
0.924000,-0.474000,-0.049000,-4.969000,1.206000,3.702000
0.925000,-0.478000,-0.039000,-4.198000,1.115000,5.359000
0.943000,-0.483000,-0.073000,-3.244000,3.015000,7.710000
