0.664000,0.791000,-0.090000,1.573000,-4.275000,3.649000
0.646000,0.801000,-0.083000,3.359000,-5.130000,7.374000
0.659000,0.765000,-0.108000,3.267000,-5.725000,10.000000
0.672000,0.737000,-0.108000,3.588000,-4.534000,9.893000
0.681000,0.707000,-0.117000,3.603000,-5.588000,8.397000
0.679000,0.682000,-0.156000,-2.015000,-5.908000,3.573000
0.684000,0.730000,-0.158000,-3.466000,-2.977000,2.168000
0.676000,0.729000,-0.114000,-2.672000,-3.313000,2.702000
0.676000,0.729000,-0.110000,-1.634000,-2.992000,1.053000
0.660000,0.784000,-0.085000,3.374000,-3.221000,5.863000
0.682000,0.727000,-0.119000,3.771000,-4.962000,7.053000
0.686000,0.727000,-0.176000,-1.435000,-3.527000,4.779000
0.675000,0.755000,-0.199000,-4.458000,-0.626000,6.565000
0.678000,0.727000,-0.191000,-5.679000,3.939000,6.855000
0.648000,0.753000,-0.100000,-4.076000,4.962000,8.458000
0.647000,0.735000,-0.077000,-2.611000,1.573000,9.450000
0.665000,0.702000,-0.102000,-4.550000,-1.557000,6.061000
0.653000,0.706000,-0.116000,-9.023000,-4.122000,3.313000
0.658000,0.729000,-0.132000,-11.664000,-4.977000,1.924000
0.662000,0.733000,-0.136000,-11.221000,-3.588000,3.023000
0.652000,0.735000,-0.075000,-11.160000,-4.244000,3.817000
0.662000,0.760000,-0.096000,-7.053000,-5.664000,6.824000
0.692000,0.697000,-0.127000,-8.870000,-7.435000,3.802000
0.695000,0.709000,-0.184000,-14.061000,-6.336000,-0.641000
0.729000,0.685000,-0.198000,-16.000000,-3.267000,-3.389000
0.703000,0.702000,-0.207000,-19.176000,1.115000,-6.153000
0.715000,0.735000,-0.200000,-14.992000,7.252000,-1.771000
0.700000,0.715000,-0.147000,-8.305000,12.519000,1.878000
0.699000,0.679000,-0.107000,-3.863000,14.290000,2.687000
0.687000,0.688000,-0.061000,-0.702000,13.069000,1.908000
0.670000,0.694000,-0.020000,-3.099000,7.771000,-0.779000
0.664000,0.726000,-0.028000,-6.916000,1.985000,-2.763000
0.668000,0.714000,-0.068000,-6.763000,-1.481000,-3.053000
0.675000,0.711000,-0.109000,-9.328000,-2.611000,-4.473000
0.725000,0.766000,-0.354000,-12.198000,4.977000,-3.298000
0.778000,0.705000,-0.543000,-19.038000,28.061000,-1.374000
0.711000,0.653000,-0.298000,-25.832000,47.908000,-1.832000
0.692000,0.770000,-0.122000,-18.672000,57.725000,7.069000
-0.452000,2.849000,4.000000,132.046000,-89.389000,94.641000
0.712000,0.712000,-0.158000,12.962000,-76.672000,61.603000
0.594000,0.637000,0.106000,-4.824000,-101.466000,53.221000
0.812000,0.295000,-0.629000,-12.855000,-73.038000,27.878000
0.929000,0.156000,-0.750000,-25.802000,-35.511000,-7.954000
0.812000,0.555000,-0.435000,-33.863000,-10.824000,-29.115000
0.710000,0.829000,-0.265000,-29.954000,3.313000,-25.389000
0.730000,0.880000,-0.350000,-40.748000,15.817000,-17.252000
0.768000,0.872000,-0.281000,-43.053000,28.656000,-12.168000
0.542000,1.422000,0.154000,-1.939000,25.664000,22.412000
0.510000,0.864000,0.521000,-12.473000,-19.298000,42.718000
0.696000,0.581000,0.234000,-9.389000,-54.809000,33.237000
0.719000,0.671000,-0.137000,6.229000,-62.534000,27.099000
0.801000,0.534000,-0.593000,2.687000,-47.298000,24.137000
0.861000,0.462000,-0.751000,-16.947000,-15.649000,10.794000
0.901000,0.637000,-0.758000,-24.947000,19.786000,6.397000
0.788000,0.627000,-0.484000,-31.817000,50.641000,9.511000
0.807000,0.671000,-0.369000,-40.840000,59.237000,11.160000
0.803000,0.645000,-0.487000,-56.137000,80.763000,14.229000
0.749000,0.637000,-0.134000,-51.756000,99.863000,15.863000
-0.084000,0.705000,1.251000,-6.489000,-76.244000,65.405000
0.948000,0.817000,0.154000,7.328000,-87.603000,54.031000
0.768000,0.121000,-0.611000,11.511000,-73.649000,34.137000
0.976000,-0.008000,-0.625000,-17.115000,-35.527000,-19.908000
0.798000,0.516000,-0.220000,-18.000000,-18.412000,-38.870000
0.791000,0.614000,-0.376000,-7.313000,-3.634000,-35.664000
0.841000,0.536000,-0.423000,-28.412000,15.374000,-49.588000
0.803000,0.646000,-0.389000,-28.779000,36.779000,-50.397000
0.778000,0.745000,-0.412000,-14.901000,62.397000,-40.244000
0.695000,0.878000,-0.281000,-0.763000,81.252000,-22.458000
0.419000,1.047000,0.339000,24.107000,69.359000,1.542000
0.650000,0.983000,0.652000,21.756000,15.863000,25.038000
0.685000,0.492000,0.172000,12.366000,-21.252000,10.137000
0.747000,0.634000,-0.208000,7.740000,-22.870000,-3.817000
0.765000,0.617000,-0.386000,0.641000,-10.336000,-10.107000
0.741000,0.664000,-0.281000,-2.397000,4.183000,-16.229000
0.688000,0.787000,-0.127000,2.565000,9.511000,-10.840000
0.678000,0.783000,-0.054000,6.534000,8.550000,-5.695000
0.662000,0.768000,-0.019000,4.672000,3.298000,-2.916000
0.677000,0.797000,-0.054000,3.863000,-0.397000,-0.153000
0.691000,0.751000,-0.167000,0.840000,0.580000,1.221000
0.711000,0.662000,-0.190000,-3.099000,6.168000,-0.244000
0.700000,0.667000,-0.060000,-1.038000,7.115000,-3.603000
0.688000,0.688000,-0.052000,0.626000,3.344000,-3.298000
0.703000,0.693000,-0.104000,-2.458000,2.947000,-5.649000
0.691000,0.707000,-0.078000,-5.847000,1.924000,-7.389000
0.678000,0.730000,-0.081000,-7.557000,-0.183000,-6.534000
0.701000,0.742000,-0.094000,-8.198000,-1.481000,-5.450000
0.706000,0.729000,-0.146000,-10.214000,-0.275000,-4.443000
0.709000,0.746000,-0.143000,-9.389000,2.916000,-1.511000
0.710000,0.722000,-0.144000,-9.420000,4.824000,0.687000
0.729000,0.687000,-0.158000,-10.672000,7.588000,-0.229000
0.718000,0.698000,-0.134000,-8.351000,10.733000,0.000000
0.701000,0.690000,-0.078000,-7.435000,10.885000,-0.672000
0.684000,0.715000,-0.017000,-5.313000,7.450000,-0.489000
0.685000,0.700000,-0.045000,-6.504000,2.519000,-0.550000
0.704000,0.691000,-0.076000,-7.664000,-0.229000,-3.099000
0.700000,0.721000,-0.116000,-7.725000,-0.092000,-3.420000
0.708000,0.709000,-0.117000,-10.229000,1.053000,-3.542000
0.704000,0.751000,-0.073000,-8.168000,1.405000,-1.893000
0.703000,0.733000,-0.079000,-5.267000,1.267000,0.534000
0.715000,0.716000,-0.118000,-7.099000,1.466000,0.733000
0.723000,0.708000,-0.128000,-7.405000,2.992000,0.916000
