0.377000,-0.848000,-0.569000,-10.183000,5.893000,-5.588000
0.372000,-0.850000,-0.532000,-9.588000,5.588000,-5.008000
0.372000,-0.850000,-0.535000,-7.420000,4.794000,-4.046000
0.373000,-0.861000,-0.517000,-6.137000,3.603000,-3.359000
0.378000,-0.880000,-0.532000,-6.229000,2.611000,-4.748000
0.382000,-0.880000,-0.529000,-4.931000,2.214000,-5.695000
0.384000,-0.872000,-0.518000,-3.649000,2.214000,-5.847000
0.381000,-0.870000,-0.505000,-1.481000,1.359000,-6.092000
0.380000,-0.865000,-0.520000,-1.053000,0.214000,-6.458000
0.389000,-0.861000,-0.566000,-2.107000,0.702000,-7.282000
0.387000,-0.824000,-0.582000,-3.695000,2.702000,-7.008000
0.387000,-0.817000,-0.557000,-5.038000,3.679000,-5.160000
0.386000,-0.839000,-0.549000,-6.534000,3.252000,-4.031000
0.393000,-0.852000,-0.531000,-6.061000,2.809000,-3.832000
0.403000,-0.854000,-0.518000,-4.260000,2.015000,-3.084000
0.409000,-0.874000,-0.526000,-2.366000,1.588000,-3.786000
0.407000,-0.861000,-0.541000,-1.634000,0.962000,-4.336000
0.410000,-0.857000,-0.584000,-2.885000,1.740000,-4.672000
0.412000,-0.841000,-0.602000,-2.458000,4.931000,-4.260000
0.400000,-0.831000,-0.580000,-3.420000,6.244000,-3.115000
0.408000,-0.820000,-0.582000,-3.450000,6.901000,-1.740000
0.420000,-0.844000,-0.592000,-3.969000,8.168000,-0.947000
0.416000,-0.879000,-0.576000,-5.786000,9.664000,-2.702000
0.408000,-0.862000,-0.532000,-4.000000,10.198000,-3.496000
0.386000,-0.864000,-0.509000,-2.977000,7.924000,-3.191000
0.390000,-0.865000,-0.538000,-2.656000,6.244000,-4.076000
0.388000,-0.856000,-0.549000,-2.718000,7.023000,-3.756000
0.388000,-0.836000,-0.552000,-1.069000,7.924000,-2.183000
0.396000,-0.867000,-0.551000,-0.107000,8.977000,-1.420000
0.398000,-0.911000,-0.537000,-1.542000,9.405000,-3.985000
0.400000,-0.904000,-0.536000,-1.954000,10.168000,-7.130000
0.388000,-0.896000,-0.509000,-0.550000,9.969000,-8.595000
0.375000,-0.878000,-0.496000,1.435000,9.023000,-9.328000
0.386000,-0.866000,-0.525000,1.878000,8.443000,-9.481000
0.383000,-0.851000,-0.525000,3.053000,9.405000,-8.061000
0.411000,-0.869000,-0.534000,3.313000,11.450000,-7.878000
0.406000,-0.902000,-0.552000,-0.290000,12.504000,-11.634000
0.448000,-0.825000,-0.655000,-3.573000,17.802000,-14.916000
0.447000,-0.824000,-0.742000,-13.069000,29.954000,-13.908000
0.357000,-0.810000,-0.575000,-16.809000,39.313000,-12.687000
-0.789000,0.757000,2.961000,51.634000,-40.092000,41.466000
0.182000,-1.653000,-0.701000,-6.153000,-93.008000,18.092000
0.368000,-0.694000,-0.266000,-37.679000,-128.046000,-11.053000
0.443000,-0.567000,-1.059000,-3.405000,-91.679000,16.763000
0.426000,-0.618000,-1.031000,9.786000,-42.397000,48.748000
0.499000,-0.978000,-0.828000,-5.863000,-14.840000,43.374000
0.512000,-0.900000,-1.140000,-29.756000,19.252000,28.687000
0.509000,-0.856000,-1.148000,-43.817000,58.504000,22.748000
0.487000,-0.895000,-0.890000,-47.756000,85.191000,20.687000
0.496000,-1.118000,-0.557000,-57.863000,80.458000,2.641000
0.157000,-1.057000,0.032000,-42.397000,45.221000,-8.885000
0.381000,-1.023000,-0.103000,-21.695000,-4.962000,-14.412000
0.450000,-1.078000,-0.637000,-16.015000,-15.603000,-18.351000
0.426000,-0.903000,-0.793000,-4.229000,1.176000,-14.366000
0.442000,-0.855000,-0.690000,13.359000,14.855000,-2.611000
0.510000,-0.843000,-0.803000,15.649000,24.626000,0.519000
0.438000,-0.972000,-1.026000,-5.878000,49.771000,-3.878000
0.416000,-0.785000,-0.913000,-4.229000,81.374000,-0.931000
0.471000,-0.792000,-0.657000,-1.008000,98.901000,12.718000
-0.354000,-0.873000,2.374000,60.244000,-93.145000,44.107000
0.567000,-1.023000,-0.723000,-2.779000,-96.443000,-29.450000
0.400000,-0.431000,-1.129000,6.168000,-61.740000,10.046000
0.473000,-0.920000,-0.614000,31.221000,-29.725000,32.183000
0.542000,-1.242000,-0.779000,16.382000,-14.183000,11.405000
0.505000,-0.973000,-0.777000,5.191000,7.435000,-0.244000
0.444000,-0.851000,-0.868000,-2.824000,26.015000,-4.397000
0.464000,-0.770000,-0.904000,-13.588000,53.695000,-0.626000
0.480000,-0.823000,-0.999000,-25.969000,82.443000,-0.962000
0.502000,-0.975000,-0.898000,-32.382000,103.679000,-7.924000
-0.196000,-0.778000,-0.471000,-21.893000,105.145000,-3.206000
0.478000,-0.867000,0.524000,-7.130000,32.031000,-4.641000
0.336000,-1.083000,0.017000,-5.527000,-26.229000,-17.542000
0.334000,-0.999000,-0.480000,-3.710000,-34.718000,-27.511000
0.464000,-0.827000,-0.538000,6.718000,-28.153000,-21.527000
0.418000,-0.816000,-0.610000,15.573000,-19.176000,-12.015000
0.433000,-0.869000,-0.666000,18.870000,-7.328000,-7.557000
0.460000,-0.927000,-0.642000,18.504000,3.847000,-9.405000
0.452000,-0.939000,-0.593000,14.122000,9.649000,-16.046000
0.424000,-0.880000,-0.570000,9.450000,14.046000,-20.397000
0.390000,-0.776000,-0.507000,7.847000,16.336000,-18.397000
0.380000,-0.719000,-0.434000,6.397000,14.168000,-12.061000
0.374000,-0.718000,-0.388000,4.397000,7.924000,-5.466000
0.390000,-0.778000,-0.422000,2.336000,2.794000,-0.901000
0.403000,-0.856000,-0.440000,0.458000,-0.565000,-1.954000
0.412000,-0.843000,-0.456000,-2.489000,-2.962000,-3.328000
0.431000,-0.837000,-0.485000,-3.252000,-3.176000,-3.573000
0.412000,-0.813000,-0.501000,-4.809000,-1.908000,-2.916000
0.411000,-0.815000,-0.483000,-7.237000,-1.710000,-1.359000
0.408000,-0.814000,-0.488000,-9.618000,-2.321000,-1.069000
0.404000,-0.801000,-0.501000,-10.992000,-1.802000,1.130000
0.408000,-0.815000,-0.487000,-10.779000,-1.542000,3.557000
0.418000,-0.840000,-0.482000,-10.702000,-2.366000,4.580000
0.406000,-0.833000,-0.479000,-10.137000,-3.802000,5.176000
0.424000,-0.846000,-0.462000,-9.008000,-5.038000,5.099000
0.411000,-0.822000,-0.502000,-9.725000,-6.473000,5.466000
0.440000,-0.844000,-0.549000,-10.046000,-3.328000,6.183000
0.434000,-0.872000,-0.525000,-10.427000,-0.977000,4.626000
0.434000,-0.872000,-0.503000,-10.183000,-0.198000,3.695000
0.430000,-0.863000,-0.523000,-9.237000,1.573000,3.023000
0.421000,-0.850000,-0.522000,-9.756000,1.878000,2.534000
