0.016000,-0.079000,-1.104000,-5.756000,-1.023000,-1.176000
0.030000,-0.080000,-1.130000,-7.817000,-1.053000,-1.908000
0.032000,-0.091000,-1.125000,-9.664000,-1.084000,-3.557000
0.037000,-0.062000,-1.141000,-8.824000,-2.519000,-3.679000
0.032000,-0.067000,-1.194000,-6.443000,-3.802000,-3.344000
0.005000,-0.046000,-1.178000,-1.282000,-5.618000,-2.687000
0.007000,-0.038000,-1.219000,-0.046000,-7.847000,-2.290000
0.022000,-0.032000,-1.232000,-4.260000,-6.687000,-1.756000
0.028000,-0.065000,-1.242000,-11.771000,-4.641000,-3.069000
0.031000,-0.089000,-1.301000,-19.756000,-2.351000,-4.473000
0.002000,-0.059000,-1.402000,-28.229000,-0.733000,-2.870000
-0.020000,-0.166000,-1.561000,-30.794000,4.565000,-5.374000
-0.009000,-0.217000,-1.818000,-30.168000,18.687000,-12.260000
0.017000,-0.186000,-1.985000,-22.550000,37.328000,-18.702000
0.038000,-0.058000,-2.019000,-12.122000,54.809000,-18.366000
0.030000,-0.018000,-2.037000,-3.710000,64.122000,-13.130000
0.049000,-0.061000,-2.165000,-3.939000,78.687000,-11.496000
0.072000,-0.090000,-2.311000,-15.756000,101.145000,-13.573000
0.100000,-0.101000,-2.419000,-28.458000,126.427000,-15.802000
0.156000,-0.030000,-2.467000,-29.313000,152.260000,-12.947000
0.122000,-0.007000,-2.403000,-16.931000,170.290000,-6.641000
0.139000,-0.029000,-2.360000,-0.824000,186.000000,-3.435000
0.142000,-0.003000,-2.289000,12.092000,198.870000,-2.183000
0.133000,-0.001000,-2.203000,15.038000,213.160000,-2.489000
0.121000,0.020000,-2.150000,13.191000,226.687000,-2.550000
0.133000,0.097000,-2.154000,5.099000,243.069000,3.160000
0.110000,0.065000,-2.106000,-7.282000,263.069000,7.511000
0.073000,0.062000,-2.090000,-23.466000,282.763000,9.863000
0.047000,0.026000,-2.073000,-36.031000,305.786000,12.672000
-0.010000,-0.080000,-2.076000,-44.947000,326.076000,12.656000
-0.096000,-0.132000,-2.009000,-41.679000,345.557000,7.847000
-0.131000,-0.161000,-1.976000,-30.107000,359.099000,4.702000
-0.129000,-0.201000,-1.826000,-12.076000,378.397000,-0.977000
-0.215000,-0.124000,-1.520000,7.053000,388.397000,-4.840000
-0.267000,-0.050000,-1.254000,17.832000,389.145000,-6.305000
-0.278000,-0.038000,-1.059000,16.260000,386.901000,-7.313000
-0.246000,-0.038000,-0.980000,-0.336000,389.420000,-9.664000
-0.207000,0.040000,-0.916000,-24.443000,401.466000,-9.328000
-0.220000,0.042000,-0.733000,-40.397000,410.275000,-3.573000
-0.275000,0.008000,-0.490000,-42.641000,409.618000,2.885000
-0.313000,-0.022000,-0.266000,-33.664000,397.221000,8.305000
-0.279000,-0.105000,-0.192000,-15.634000,379.740000,12.290000
-0.276000,-0.187000,-0.113000,3.069000,363.985000,9.679000
-0.258000,-0.178000,0.019000,10.198000,350.229000,2.504000
-0.211000,-0.143000,0.150000,-2.855000,343.969000,-8.901000
-0.167000,-0.079000,0.358000,-28.168000,333.557000,-18.809000
-0.092000,0.000000,0.506000,-51.053000,317.420000,-20.015000
0.001000,0.004000,0.557000,-61.817000,296.656000,-15.313000
0.072000,-0.023000,0.604000,-53.359000,275.893000,-4.794000
0.083000,-0.043000,0.690000,-34.992000,252.901000,3.832000
0.134000,-0.084000,0.733000,-18.214000,224.198000,10.519000
0.229000,-0.159000,0.735000,-1.939000,204.137000,10.931000
0.243000,-0.145000,0.821000,2.595000,185.466000,8.260000
0.327000,-0.183000,0.820000,2.489000,168.366000,4.122000
0.358000,-0.161000,0.835000,-1.023000,153.863000,-1.481000
0.393000,-0.149000,0.847000,-3.481000,138.962000,-5.069000
0.459000,-0.099000,0.814000,-3.725000,124.321000,-5.740000
0.493000,-0.056000,0.814000,-3.588000,109.802000,-5.344000
0.519000,-0.025000,0.819000,-6.092000,91.511000,-3.450000
0.590000,-0.042000,0.780000,-8.931000,72.748000,-3.008000
0.634000,-0.041000,0.710000,-9.206000,59.008000,-1.542000
0.660000,-0.068000,0.612000,-5.252000,46.229000,-0.519000
0.713000,-0.085000,0.552000,2.244000,38.122000,0.092000
0.702000,-0.069000,0.518000,7.802000,28.168000,0.229000
0.789000,-0.074000,0.420000,11.817000,24.229000,-0.809000
0.796000,-0.057000,0.403000,12.550000,24.992000,-1.328000
0.804000,-0.045000,0.447000,13.038000,24.855000,-2.031000
0.788000,-0.017000,0.522000,13.725000,21.817000,-1.191000
0.802000,-0.022000,0.521000,14.076000,15.237000,-0.214000
0.811000,-0.033000,0.548000,16.015000,10.137000,-0.092000
0.816000,-0.026000,0.529000,16.244000,3.527000,0.504000
0.858000,-0.008000,0.448000,15.130000,-0.641000,0.489000
0.890000,0.004000,0.404000,14.198000,-0.305000,1.389000
0.888000,0.026000,0.397000,9.878000,1.053000,2.794000
0.889000,0.029000,0.405000,3.878000,2.779000,3.481000
0.892000,0.014000,0.415000,-1.954000,4.183000,3.557000
0.880000,0.004000,0.418000,-6.489000,3.282000,2.824000
0.894000,-0.001000,0.397000,-6.702000,1.939000,2.748000
0.883000,-0.004000,0.377000,-7.130000,0.168000,2.351000
0.913000,-0.006000,0.303000,-7.481000,-1.389000,1.908000
0.931000,0.004000,0.270000,-6.840000,1.328000,2.214000
0.922000,0.008000,0.275000,-6.412000,4.031000,3.038000
0.928000,-0.000000,0.304000,-5.649000,6.076000,3.847000
0.920000,-0.017000,0.372000,-4.580000,6.947000,5.023000
0.890000,-0.038000,0.408000,-5.878000,5.954000,4.763000
0.883000,-0.045000,0.402000,-6.733000,4.626000,3.725000
0.870000,-0.052000,0.395000,-8.580000,2.870000,2.137000
0.880000,-0.045000,0.374000,-8.885000,1.389000,0.031000
0.896000,-0.045000,0.344000,-8.290000,0.137000,-1.237000
0.903000,-0.037000,0.327000,-6.305000,0.198000,-1.252000
0.919000,-0.038000,0.346000,-4.641000,1.878000,-1.008000
0.897000,-0.042000,0.366000,-4.763000,1.771000,-0.595000
0.893000,-0.040000,0.380000,-5.817000,1.221000,0.061000
0.870000,-0.048000,0.378000,-7.649000,-0.290000,-0.366000
0.893000,-0.063000,0.339000,-7.176000,-0.122000,-1.649000
0.886000,-0.034000,0.339000,-6.137000,-0.382000,-2.504000
0.906000,-0.037000,0.344000,-4.519000,-0.885000,-2.565000
0.906000,-0.019000,0.343000,-4.061000,-1.328000,-1.832000
0.909000,-0.024000,0.345000,-4.870000,-0.504000,-1.450000
0.908000,-0.012000,0.347000,-5.985000,0.015000,-1.008000
0.905000,-0.006000,0.360000,-7.191000,0.076000,-0.275000
