0.042000,0.007000,-1.160000,-6.198000,1.481000,1.603000
0.037000,-0.007000,-1.188000,-4.824000,4.137000,4.061000
0.042000,-0.004000,-1.219000,-2.687000,7.664000,7.252000
0.024000,-0.017000,-1.227000,-0.473000,9.511000,10.779000
-0.027000,-0.077000,-1.260000,-0.595000,11.115000,8.489000
-0.013000,-0.106000,-1.302000,-7.954000,11.954000,1.710000
0.020000,-0.119000,-1.375000,-13.649000,14.137000,-8.977000
0.089000,-0.031000,-1.482000,-18.504000,19.252000,-13.679000
0.086000,0.084000,-1.642000,-20.412000,24.427000,-8.916000
0.095000,0.029000,-1.940000,-12.092000,33.191000,0.275000
0.095000,-0.063000,-2.249000,-2.977000,51.664000,9.359000
0.094000,-0.178000,-2.365000,9.542000,73.099000,13.603000
0.089000,-0.299000,-2.373000,20.885000,92.992000,6.626000
0.103000,-0.324000,-2.284000,28.458000,110.244000,-7.740000
0.134000,-0.262000,-2.208000,33.496000,122.947000,-21.435000
0.172000,-0.196000,-2.154000,37.115000,134.550000,-30.656000
0.194000,-0.124000,-2.133000,37.008000,145.817000,-35.405000
0.275000,-0.083000,-2.165000,33.649000,161.893000,-36.229000
0.285000,-0.031000,-2.125000,28.443000,178.870000,-33.099000
0.267000,-0.033000,-2.087000,18.916000,196.000000,-28.763000
0.263000,-0.081000,-2.027000,7.771000,213.756000,-27.893000
0.214000,-0.122000,-1.917000,-1.847000,229.832000,-31.939000
0.148000,-0.119000,-1.802000,-6.992000,238.794000,-37.740000
0.134000,-0.083000,-1.779000,-8.962000,246.092000,-41.603000
0.130000,-0.042000,-1.743000,-6.763000,253.908000,-41.008000
0.153000,-0.003000,-1.739000,-5.908000,264.107000,-35.328000
0.127000,0.013000,-1.662000,-4.214000,276.076000,-29.557000
0.069000,0.051000,-1.624000,-7.710000,283.878000,-20.580000
0.084000,-0.056000,-1.555000,-6.198000,293.786000,-14.580000
0.028000,-0.086000,-1.435000,-4.611000,306.763000,-14.580000
0.001000,-0.075000,-1.236000,-5.099000,314.122000,-16.473000
-0.011000,-0.072000,-1.038000,-3.679000,313.160000,-18.748000
-0.039000,-0.085000,-0.889000,-6.504000,306.565000,-22.260000
0.007000,-0.109000,-0.846000,-8.214000,299.069000,-24.198000
0.005000,-0.088000,-0.852000,-10.382000,298.443000,-26.748000
0.079000,0.013000,-0.929000,-12.321000,301.725000,-21.710000
0.116000,0.048000,-0.868000,-10.855000,314.000000,-13.313000
0.102000,0.019000,-0.707000,-9.893000,319.313000,-6.443000
0.056000,-0.005000,-0.467000,-9.008000,314.137000,-1.084000
0.099000,-0.100000,-0.425000,-7.191000,306.473000,0.473000
0.039000,-0.127000,-0.379000,-6.718000,298.687000,-2.458000
0.074000,-0.164000,-0.393000,-7.130000,290.076000,-6.168000
0.088000,-0.148000,-0.425000,-11.160000,289.771000,-10.824000
0.139000,-0.171000,-0.422000,-18.580000,293.817000,-17.023000
0.186000,-0.122000,-0.369000,-23.023000,301.603000,-20.198000
0.188000,-0.082000,-0.214000,-21.145000,302.504000,-16.687000
0.169000,-0.047000,-0.124000,-16.565000,297.160000,-9.145000
0.169000,-0.093000,-0.089000,-5.511000,289.847000,-2.321000
0.124000,-0.077000,-0.078000,0.656000,282.137000,0.489000
0.192000,-0.116000,-0.034000,5.847000,280.153000,1.664000
0.178000,-0.119000,0.091000,-0.702000,278.672000,-3.176000
0.192000,-0.145000,0.272000,-11.588000,271.053000,-10.687000
0.206000,-0.149000,0.468000,-16.198000,256.794000,-17.389000
0.229000,-0.138000,0.651000,-10.656000,234.962000,-19.481000
0.250000,-0.091000,0.757000,4.595000,206.351000,-17.969000
0.299000,-0.054000,0.726000,25.405000,181.389000,-13.908000
0.382000,0.025000,0.755000,43.573000,166.611000,-10.153000
0.434000,0.119000,0.798000,45.145000,152.733000,-4.733000
0.517000,0.117000,0.770000,35.710000,147.450000,0.260000
0.529000,0.088000,0.821000,20.092000,147.695000,1.298000
0.509000,0.037000,0.954000,3.435000,143.740000,-0.122000
0.479000,-0.017000,1.099000,-6.931000,132.641000,-5.420000
0.463000,0.019000,1.237000,-9.771000,115.450000,-8.443000
0.489000,0.051000,1.328000,-3.160000,90.061000,-7.008000
0.512000,0.080000,1.290000,5.084000,66.046000,-2.183000
0.551000,0.091000,1.198000,10.672000,44.947000,3.069000
0.615000,0.060000,1.048000,12.580000,28.840000,7.206000
0.620000,0.030000,0.885000,4.168000,17.038000,6.916000
0.655000,-0.015000,0.741000,-7.466000,8.840000,2.153000
0.698000,-0.040000,0.594000,-20.244000,5.802000,-3.969000
0.733000,-0.029000,0.491000,-28.855000,6.885000,-8.092000
0.773000,-0.021000,0.452000,-30.580000,8.794000,-9.160000
0.780000,-0.010000,0.483000,-26.412000,7.099000,-7.939000
0.774000,-0.005000,0.512000,-18.351000,0.992000,-5.420000
0.790000,-0.005000,0.485000,-10.290000,-5.115000,-4.015000
0.801000,0.007000,0.455000,-3.160000,-10.489000,-2.137000
0.834000,0.009000,0.387000,-0.214000,-11.649000,-0.397000
0.852000,0.011000,0.391000,-2.718000,-9.176000,-0.153000
0.864000,-0.003000,0.402000,-7.557000,-5.939000,-0.443000
0.862000,-0.021000,0.423000,-12.000000,-3.649000,-1.573000
0.864000,-0.013000,0.455000,-13.802000,-2.840000,-1.588000
0.862000,-0.006000,0.443000,-10.809000,-3.267000,0.046000
0.869000,0.004000,0.436000,-6.473000,-3.893000,2.290000
0.867000,0.003000,0.450000,-3.832000,-3.924000,4.992000
0.865000,-0.013000,0.439000,-2.305000,-3.771000,7.344000
0.857000,-0.036000,0.440000,-4.076000,-2.489000,7.649000
0.836000,-0.059000,0.452000,-8.168000,-0.565000,6.000000
0.819000,-0.075000,0.485000,-12.626000,-0.519000,3.008000
0.816000,-0.065000,0.522000,-14.901000,-2.885000,0.443000
0.815000,-0.058000,0.524000,-14.321000,-6.809000,-1.267000
0.838000,-0.052000,0.490000,-10.977000,-10.137000,-0.992000
0.844000,-0.035000,0.447000,-7.481000,-12.076000,0.489000
0.858000,-0.037000,0.415000,-5.450000,-11.664000,1.817000
0.856000,-0.055000,0.391000,-4.260000,-8.916000,2.153000
0.847000,-0.063000,0.389000,-2.534000,-7.206000,2.611000
0.840000,-0.074000,0.416000,-0.840000,-6.351000,1.588000
0.842000,-0.079000,0.428000,-0.244000,-7.725000,0.351000
0.844000,-0.073000,0.461000,-1.282000,-9.328000,-2.397000
0.846000,-0.048000,0.462000,-4.137000,-11.206000,-5.115000
0.857000,-0.030000,0.448000,-5.618000,-11.618000,-6.443000
0.863000,-0.023000,0.449000,-5.710000,-12.336000,-6.565000
