0.432000,0.195000,0.797000,-4.962000,1.038000,-0.366000
0.432000,0.181000,0.787000,-4.824000,1.176000,0.534000
0.425000,0.175000,0.788000,-4.931000,2.061000,0.504000
0.422000,0.165000,0.779000,-5.267000,3.160000,-0.168000
0.403000,0.171000,0.776000,-5.573000,3.954000,-0.656000
0.425000,0.179000,0.770000,-5.221000,4.992000,-0.840000
0.422000,0.187000,0.765000,-5.298000,6.763000,-1.420000
0.419000,0.193000,0.782000,-6.153000,7.282000,-1.176000
0.418000,0.195000,0.786000,-7.038000,7.695000,-0.366000
0.413000,0.182000,0.765000,-5.771000,6.519000,0.076000
0.408000,0.171000,0.766000,-4.153000,7.740000,-0.015000
0.403000,0.166000,0.764000,-4.275000,8.336000,-0.473000
0.388000,0.170000,0.768000,-4.122000,10.519000,-0.855000
0.380000,0.162000,0.778000,-3.588000,11.008000,-0.840000
0.443000,0.169000,0.760000,-2.962000,10.763000,-0.794000
0.355000,0.166000,0.844000,-3.069000,10.198000,-1.176000
0.379000,0.151000,0.812000,-2.611000,9.954000,-2.580000
0.362000,0.158000,0.847000,-4.351000,5.939000,-3.282000
0.367000,0.167000,0.837000,-4.046000,4.107000,-4.015000
0.364000,0.172000,0.826000,-3.099000,1.863000,-4.214000
0.380000,0.178000,0.812000,-2.336000,1.176000,-4.214000
0.408000,0.195000,0.776000,-3.267000,1.496000,-3.420000
0.406000,0.209000,0.766000,-6.000000,4.321000,-1.863000
0.411000,0.219000,0.776000,-8.382000,6.809000,-0.260000
0.403000,0.199000,0.773000,-8.198000,7.756000,1.206000
0.396000,0.188000,0.798000,-7.069000,7.695000,2.244000
0.388000,0.178000,0.785000,-5.405000,7.176000,2.107000
0.371000,0.177000,0.805000,-4.702000,6.305000,1.802000
0.399000,0.168000,0.797000,-4.061000,5.634000,1.282000
0.391000,0.170000,0.809000,-3.634000,6.107000,0.824000
0.392000,0.190000,0.806000,-3.069000,6.061000,1.573000
0.415000,0.174000,0.794000,-4.595000,6.061000,1.160000
0.408000,0.172000,0.760000,-4.855000,7.954000,1.771000
0.392000,0.188000,0.766000,-4.763000,10.763000,2.885000
0.370000,0.198000,0.798000,-5.389000,12.412000,3.985000
0.360000,0.192000,0.835000,-6.000000,11.374000,4.916000
0.373000,0.170000,0.821000,-4.534000,10.458000,5.053000
0.364000,0.158000,0.818000,-3.374000,10.198000,4.382000
0.375000,0.156000,0.818000,-2.962000,9.053000,3.084000
0.355000,0.158000,0.803000,-1.298000,9.130000,2.000000
0.351000,0.167000,0.785000,-0.214000,10.443000,2.305000
0.341000,0.173000,0.779000,1.802000,11.542000,3.069000
0.313000,0.180000,0.801000,4.382000,13.939000,4.489000
0.301000,0.169000,0.856000,4.122000,12.092000,5.084000
0.305000,0.142000,0.816000,4.214000,12.947000,3.221000
0.298000,0.158000,0.888000,2.198000,11.832000,0.580000
0.294000,0.156000,0.880000,-1.221000,10.046000,-2.977000
0.270000,0.198000,0.933000,-5.817000,6.260000,-5.756000
0.204000,0.237000,1.010000,-10.718000,1.038000,-7.298000
0.117000,0.291000,1.153000,-17.450000,-8.794000,-10.092000
0.060000,0.350000,1.172000,-22.885000,-18.916000,-9.603000
0.020000,0.390000,1.179000,-24.916000,-26.611000,-6.137000
-0.029000,0.419000,1.183000,-23.863000,-31.374000,-0.504000
-0.103000,0.433000,1.321000,-23.481000,-39.160000,5.084000
-0.209000,0.420000,1.417000,-24.290000,-50.504000,9.939000
-0.347000,0.456000,1.537000,-23.634000,-61.206000,13.786000
-0.462000,0.505000,1.811000,-24.107000,-82.840000,21.160000
-0.582000,0.542000,1.856000,-25.511000,-110.305000,29.130000
-0.662000,0.553000,1.924000,-27.130000,-139.344000,38.214000
-0.753000,0.505000,2.006000,-33.008000,-173.481000,44.443000
-0.848000,0.493000,2.033000,-44.092000,-212.260000,48.977000
-0.914000,0.415000,1.916000,-52.076000,-247.145000,50.366000
-0.950000,0.299000,1.776000,-54.687000,-279.573000,47.924000
-0.942000,0.200000,1.614000,-53.618000,-309.160000,42.840000
-0.972000,0.129000,1.587000,-55.588000,-343.710000,34.229000
-1.079000,0.172000,1.686000,-62.275000,-391.847000,25.282000
-1.188000,0.220000,1.670000,-65.618000,-451.344000,22.611000
-1.269000,0.185000,1.341000,-58.336000,-500.275000,25.679000
-1.226000,0.070000,0.783000,-40.656000,-500.275000,25.878000
-1.165000,-0.072000,0.514000,-26.290000,-500.275000,19.160000
-1.316000,0.010000,0.662000,-26.794000,-500.275000,8.672000
-1.310000,0.107000,0.229000,-44.137000,-500.275000,1.115000
-1.106000,0.322000,-0.343000,-83.893000,-500.275000,-6.626000
-0.798000,0.594000,-0.907000,-138.366000,-500.275000,-7.802000
-0.635000,0.951000,-1.191000,-204.794000,-500.275000,1.573000
-0.595000,1.090000,-1.208000,-262.489000,-500.275000,26.489000
-0.517000,0.836000,-1.639000,-262.916000,-496.168000,53.130000
-0.599000,0.531000,-2.107000,-200.947000,-474.901000,89.710000
-0.492000,-0.233000,-2.469000,-92.550000,-449.893000,106.000000
-0.354000,-0.792000,-2.446000,11.817000,-408.916000,84.015000
-0.601000,-0.720000,-2.201000,55.115000,-391.695000,40.351000
-0.616000,-0.365000,-2.604000,3.023000,-387.603000,-18.076000
-0.096000,0.020000,-3.344000,-82.321000,-333.481000,-76.763000
0.280000,0.535000,-3.415000,-118.550000,-265.344000,-88.672000
0.552000,0.819000,-3.131000,-99.511000,-218.351000,-48.763000
0.654000,0.572000,-2.812000,-51.557000,-188.397000,4.473000
0.636000,0.133000,-2.516000,-0.382000,-166.092000,35.710000
0.591000,-0.228000,-2.230000,40.489000,-149.679000,38.351000
0.492000,-0.335000,-1.858000,66.336000,-141.496000,26.565000
0.493000,-0.345000,-1.781000,64.427000,-135.389000,3.344000
0.511000,-0.250000,-1.728000,41.405000,-122.718000,-23.420000
0.597000,-0.062000,-1.681000,7.740000,-109.115000,-45.069000
0.764000,0.192000,-1.782000,-19.145000,-86.992000,-49.313000
0.815000,0.355000,-1.732000,-28.718000,-64.779000,-35.206000
0.803000,0.326000,-1.662000,-22.260000,-50.198000,-14.947000
0.723000,0.221000,-1.605000,-8.992000,-39.939000,-0.855000
0.635000,0.125000,-1.479000,-1.511000,-34.809000,2.321000
0.620000,0.092000,-1.419000,-0.672000,-28.504000,-2.840000
0.604000,0.163000,-1.337000,-0.260000,-23.756000,-4.931000
0.651000,0.214000,-1.323000,1.786000,-20.336000,-1.496000
0.689000,0.204000,-1.350000,1.863000,-13.282000,3.908000
0.701000,0.154000,-1.290000,0.824000,-5.969000,7.939000
