0.359000,0.215000,0.819000,-2.840000,5.328000,3.328000
0.339000,0.224000,0.816000,-4.687000,6.962000,3.359000
0.324000,0.231000,0.827000,-6.107000,8.107000,3.267000
0.314000,0.236000,0.859000,-7.618000,7.450000,3.695000
0.297000,0.253000,0.871000,-6.489000,5.756000,5.282000
0.262000,0.263000,0.896000,-4.473000,2.336000,8.046000
0.230000,0.248000,0.939000,-5.344000,-0.397000,9.725000
0.198000,0.244000,0.928000,-6.214000,-3.695000,9.176000
0.161000,0.245000,0.966000,-5.603000,-7.466000,9.664000
0.111000,0.274000,1.005000,-4.779000,-12.809000,10.580000
0.022000,0.315000,0.997000,-0.656000,-17.267000,13.847000
-0.051000,0.369000,1.171000,0.885000,-21.389000,16.229000
-0.124000,0.396000,1.301000,-4.382000,-31.435000,19.328000
-0.252000,0.423000,1.397000,-12.168000,-41.695000,18.733000
-0.383000,0.485000,1.603000,-20.656000,-55.542000,18.534000
-0.476000,0.536000,1.765000,-30.580000,-78.763000,20.595000
-0.533000,0.559000,1.773000,-38.092000,-105.466000,25.695000
-0.620000,0.605000,1.785000,-39.344000,-130.687000,32.931000
-0.713000,0.638000,1.799000,-36.931000,-158.702000,43.985000
-0.811000,0.655000,1.886000,-36.626000,-191.450000,56.519000
-0.870000,0.632000,1.861000,-36.443000,-229.603000,68.885000
-0.916000,0.551000,1.768000,-34.611000,-266.519000,79.511000
-0.947000,0.463000,1.771000,-34.870000,-306.229000,85.344000
-1.138000,0.490000,2.156000,-52.779000,-366.763000,83.603000
-1.339000,0.547000,2.176000,-79.191000,-444.458000,82.977000
-1.448000,0.456000,1.653000,-97.908000,-500.275000,77.847000
-1.344000,0.291000,0.948000,-101.084000,-500.275000,71.496000
-1.200000,0.193000,0.485000,-88.000000,-500.275000,65.679000
-1.038000,0.045000,0.151000,-64.656000,-500.275000,56.824000
-0.983000,-0.035000,0.044000,-41.450000,-500.275000,52.824000
-1.060000,0.048000,0.182000,-29.099000,-500.275000,54.733000
-1.107000,0.070000,-0.040000,-27.282000,-500.275000,58.931000
-1.051000,0.119000,-0.446000,-35.603000,-500.275000,62.916000
-0.810000,0.412000,-1.262000,-52.641000,-500.275000,82.198000
-0.378000,0.668000,-1.958000,-68.733000,-500.275000,130.321000
-0.294000,0.604000,-2.047000,-62.977000,-500.275000,192.427000
-0.593000,0.323000,-1.835000,-42.580000,-500.275000,254.153000
-0.642000,-0.556000,-2.304000,-21.847000,-482.962000,265.527000
-0.507000,-1.247000,-2.657000,-28.076000,-424.779000,203.939000
-0.371000,-1.249000,-2.559000,-78.443000,-357.008000,106.382000
-0.372000,-0.854000,-2.290000,-142.504000,-314.275000,26.244000
-0.292000,-0.546000,-2.200000,-170.443000,-297.924000,-21.893000
-0.013000,-0.201000,-2.558000,-148.504000,-284.000000,-22.061000
0.242000,-0.088000,-2.902000,-95.435000,-247.160000,8.809000
0.259000,-0.100000,-2.572000,-49.084000,-211.832000,41.038000
0.205000,-0.272000,-2.263000,-27.939000,-198.046000,55.786000
0.268000,-0.496000,-2.237000,-27.618000,-179.160000,44.519000
0.347000,-0.509000,-2.165000,-36.565000,-153.573000,20.595000
0.367000,-0.343000,-1.947000,-39.817000,-134.290000,5.328000
0.383000,-0.252000,-1.821000,-33.084000,-127.847000,1.832000
0.454000,-0.256000,-1.895000,-19.496000,-116.947000,3.328000
0.484000,-0.304000,-1.897000,-6.473000,-101.282000,2.641000
0.535000,-0.247000,-1.887000,4.763000,-83.130000,4.504000
0.544000,-0.170000,-1.749000,10.580000,-68.183000,9.786000
0.530000,-0.140000,-1.592000,10.244000,-60.122000,15.176000
0.527000,-0.156000,-1.576000,4.580000,-49.405000,16.534000
0.501000,-0.186000,-1.474000,-3.939000,-40.427000,14.901000
0.536000,-0.234000,-1.477000,-9.878000,-32.763000,12.107000
0.529000,-0.270000,-1.421000,-10.504000,-24.641000,8.107000
0.511000,-0.288000,-1.326000,-8.244000,-22.901000,4.214000
0.524000,-0.295000,-1.340000,-4.519000,-18.885000,-0.321000
0.506000,-0.245000,-1.275000,-0.458000,-14.214000,-3.359000
0.499000,-0.178000,-1.171000,1.435000,-17.115000,-3.710000
0.522000,-0.165000,-1.208000,-0.687000,-15.557000,-4.595000
0.516000,-0.116000,-1.179000,-4.947000,-11.771000,-4.763000
0.520000,-0.087000,-1.178000,-7.450000,-11.084000,-1.908000
0.521000,-0.107000,-1.165000,-8.779000,-7.740000,0.443000
0.491000,-0.111000,-1.133000,-9.832000,-6.840000,0.977000
0.475000,-0.115000,-1.125000,-10.565000,-5.985000,0.794000
0.472000,-0.125000,-1.123000,-9.969000,-4.565000,1.038000
0.475000,-0.121000,-1.128000,-7.405000,-3.282000,2.870000
0.474000,-0.143000,-1.131000,-3.786000,-0.870000,4.977000
0.458000,-0.168000,-1.103000,-2.031000,0.947000,5.206000
0.390000,-0.170000,-1.007000,-2.718000,-2.382000,4.275000
0.438000,-0.201000,-1.073000,-6.137000,-4.794000,1.053000
0.471000,-0.191000,-1.106000,-8.901000,-1.221000,-2.382000
0.448000,-0.150000,-1.054000,-8.840000,0.198000,-2.870000
0.442000,-0.162000,-1.045000,-7.450000,-2.489000,-2.168000
0.477000,-0.172000,-1.120000,-7.084000,0.748000,-3.328000
0.458000,-0.139000,-1.068000,-6.031000,3.573000,-3.252000
0.424000,-0.127000,-1.026000,-4.763000,1.664000,-1.481000
0.449000,-0.135000,-1.066000,-3.221000,2.855000,-0.397000
0.450000,-0.142000,-1.072000,-2.824000,5.527000,-0.427000
0.403000,-0.096000,-0.986000,-1.710000,2.947000,0.840000
0.445000,-0.130000,-1.021000,-5.191000,-0.198000,0.351000
0.457000,-0.132000,-1.081000,-8.779000,3.496000,-1.557000
0.425000,-0.111000,-1.064000,-10.641000,5.038000,-1.511000
0.435000,-0.109000,-1.054000,-10.580000,5.634000,-0.229000
0.429000,-0.121000,-1.056000,-8.962000,6.229000,1.649000
0.428000,-0.133000,-1.075000,-5.466000,7.893000,2.672000
0.434000,-0.151000,-1.013000,-5.634000,6.824000,2.305000
0.428000,-0.135000,-0.977000,-4.992000,5.313000,2.031000
0.406000,-0.134000,-0.979000,-6.977000,1.771000,1.160000
0.427000,-0.136000,-1.038000,-9.267000,2.015000,0.092000
0.427000,-0.129000,-1.048000,-10.137000,2.580000,0.046000
0.438000,-0.143000,-1.055000,-8.565000,3.313000,0.779000
0.449000,-0.133000,-1.048000,-5.985000,4.107000,2.321000
0.440000,-0.159000,-1.031000,-3.908000,4.626000,3.160000
0.428000,-0.172000,-1.017000,-0.977000,5.008000,3.313000
0.396000,-0.167000,-0.961000,-0.183000,1.756000,2.565000
0.415000,-0.167000,-1.005000,-1.924000,0.397000,0.702000
