0.274000,-0.164000,-1.053000,-10.412000,-1.908000,8.046000
0.266000,-0.201000,-1.037000,-9.069000,-1.084000,6.260000
0.249000,-0.205000,-1.010000,-7.740000,-1.527000,3.603000
0.262000,-0.204000,-1.001000,-6.779000,-2.351000,1.618000
0.263000,-0.203000,-1.017000,-6.733000,-2.870000,-0.779000
0.272000,-0.198000,-1.002000,-6.916000,-2.519000,-2.260000
0.271000,-0.198000,-1.014000,-7.878000,-1.771000,-3.847000
0.278000,-0.197000,-1.017000,-8.824000,-1.023000,-5.511000
0.284000,-0.164000,-1.021000,-9.267000,0.321000,-6.458000
0.284000,-0.124000,-1.011000,-9.008000,0.565000,-5.374000
0.292000,-0.094000,-1.018000,-9.557000,1.313000,-3.023000
0.283000,-0.094000,-1.005000,-9.679000,1.344000,-0.321000
0.279000,-0.106000,-0.996000,-9.817000,1.450000,1.298000
0.274000,-0.120000,-0.977000,-8.519000,0.153000,3.481000
0.270000,-0.129000,-0.989000,-6.595000,-1.313000,5.267000
0.250000,-0.148000,-0.990000,-5.313000,-2.489000,6.031000
0.246000,-0.164000,-1.015000,-4.519000,-2.824000,5.878000
0.242000,-0.171000,-1.027000,-4.061000,-2.702000,4.947000
0.223000,-0.185000,-1.021000,-4.168000,-2.550000,3.450000
0.236000,-0.199000,-0.996000,-6.397000,-2.382000,1.542000
0.265000,-0.212000,-0.986000,-8.962000,-2.779000,0.656000
0.281000,-0.235000,-1.002000,-10.061000,-3.435000,0.076000
0.283000,-0.264000,-1.025000,-11.160000,-3.115000,-1.176000
0.288000,-0.296000,-1.050000,-10.550000,-2.626000,-4.214000
0.293000,-0.294000,-1.099000,-11.145000,-1.481000,-10.046000
0.325000,-0.216000,-1.160000,-12.580000,1.878000,-14.626000
0.350000,-0.112000,-1.193000,-12.137000,5.496000,-12.947000
0.353000,-0.053000,-1.233000,-10.718000,8.565000,-8.397000
0.371000,-0.034000,-1.281000,-7.679000,12.000000,-1.603000
0.372000,-0.058000,-1.285000,-2.962000,13.740000,6.290000
0.350000,-0.135000,-1.310000,4.412000,10.534000,13.405000
0.365000,-0.214000,-1.400000,12.397000,6.809000,17.374000
0.350000,-0.315000,-1.508000,18.779000,6.580000,23.527000
0.300000,-0.421000,-1.573000,26.733000,4.550000,26.656000
0.271000,-0.548000,-1.678000,36.519000,2.931000,26.687000
0.226000,-0.627000,-1.756000,50.702000,1.466000,23.710000
0.235000,-0.666000,-1.894000,62.122000,0.840000,25.298000
0.327000,-0.804000,-2.066000,59.985000,14.168000,27.069000
0.318000,-0.870000,-2.144000,46.687000,34.977000,33.282000
0.246000,-1.089000,-2.237000,37.878000,56.321000,42.229000
0.169000,-1.443000,-2.375000,40.489000,86.534000,40.244000
-0.035000,-1.818000,-2.460000,54.473000,119.649000,20.458000
-0.219000,-2.097000,-2.407000,81.084000,150.672000,-18.626000
-0.500000,-2.103000,-2.131000,110.000000,166.168000,-69.557000
-0.587000,-2.052000,-1.947000,129.450000,168.137000,-121.344000
-0.537000,-1.941000,-1.803000,140.427000,174.260000,-166.107000
-0.660000,-1.857000,-1.768000,145.008000,172.443000,-196.779000
-0.715000,-2.002000,-2.110000,149.206000,185.389000,-233.298000
-0.873000,-1.942000,-2.257000,144.366000,221.069000,-282.550000
-1.090000,-1.781000,-2.301000,133.298000,263.069000,-333.756000
-1.359000,-1.476000,-2.058000,130.519000,305.298000,-385.099000
-1.609000,-1.154000,-1.683000,131.664000,326.427000,-437.069000
-1.763000,-0.770000,-1.453000,140.229000,331.908000,-483.557000
-1.808000,-0.356000,-1.269000,157.130000,334.611000,-500.275000
-1.746000,0.053000,-1.163000,173.206000,337.344000,-500.275000
-1.778000,0.456000,-1.063000,183.359000,342.672000,-500.275000
-1.794000,0.848000,-0.964000,182.275000,350.489000,-500.275000
-1.734000,1.283000,-0.854000,166.260000,362.260000,-500.275000
-1.616000,1.711000,-0.726000,137.481000,377.069000,-500.275000
-1.461000,1.946000,-0.506000,104.702000,387.893000,-500.275000
-1.280000,2.003000,-0.233000,89.908000,384.977000,-458.305000
-1.118000,2.052000,0.045000,113.267000,361.328000,-401.176000
-0.922000,1.972000,0.482000,147.145000,313.710000,-352.489000
-0.700000,1.975000,0.733000,174.015000,246.046000,-306.382000
-0.418000,2.035000,0.603000,191.313000,192.427000,-254.779000
-0.311000,1.909000,0.504000,183.924000,156.992000,-210.977000
-0.274000,1.720000,0.400000,151.664000,135.435000,-183.527000
-0.218000,1.618000,0.281000,112.992000,123.725000,-168.748000
-0.115000,1.648000,0.199000,79.405000,119.313000,-153.588000
0.006000,1.661000,0.183000,48.000000,113.267000,-132.351000
0.148000,1.579000,0.153000,31.450000,105.634000,-110.046000
0.220000,1.522000,0.173000,32.611000,95.511000,-85.969000
0.270000,1.435000,0.219000,44.870000,80.076000,-63.511000
0.284000,1.386000,0.242000,58.626000,63.466000,-40.641000
0.237000,1.274000,0.323000,55.481000,48.931000,-25.069000
0.221000,1.229000,0.372000,43.252000,32.641000,-15.786000
0.201000,1.147000,0.359000,28.748000,17.221000,-10.336000
0.276000,1.056000,0.326000,16.565000,4.321000,-9.908000
0.384000,1.028000,0.266000,4.641000,-6.107000,-9.267000
0.492000,1.003000,0.153000,-7.878000,-11.588000,-7.710000
0.609000,0.982000,0.067000,-13.496000,-11.863000,-3.802000
0.648000,0.977000,0.016000,-10.229000,-11.160000,3.954000
0.631000,0.970000,0.011000,-2.748000,-12.718000,14.947000
0.593000,0.945000,0.021000,6.031000,-17.511000,25.695000
0.554000,0.921000,0.022000,12.382000,-25.496000,34.824000
0.542000,0.864000,-0.016000,15.435000,-33.557000,40.214000
0.599000,0.777000,-0.021000,13.832000,-38.748000,40.794000
0.677000,0.683000,-0.038000,6.977000,-41.130000,35.420000
0.757000,0.633000,-0.073000,-2.809000,-40.229000,27.588000
0.783000,0.630000,-0.121000,-13.221000,-36.351000,20.168000
0.773000,0.628000,-0.137000,-22.550000,-33.008000,13.313000
0.771000,0.650000,-0.170000,-27.878000,-31.206000,8.305000
0.778000,0.687000,-0.218000,-28.290000,-30.244000,6.809000
0.805000,0.727000,-0.283000,-25.206000,-27.893000,7.466000
0.855000,0.777000,-0.350000,-20.962000,-20.870000,12.137000
0.869000,0.760000,-0.333000,-18.092000,-13.038000,18.168000
0.906000,0.710000,-0.227000,-9.969000,-9.511000,22.595000
0.894000,0.662000,-0.175000,-1.282000,-9.466000,25.756000
0.848000,0.617000,-0.139000,1.145000,-10.183000,24.626000
