0.394000,-0.310000,-1.060000,4.924000,1.947000,-8.771000
0.409000,-0.296000,-1.072000,2.237000,2.458000,-9.275000
0.418000,-0.261000,-1.074000,-0.359000,3.397000,-8.031000
0.425000,-0.267000,-1.070000,-1.168000,3.908000,-4.802000
0.436000,-0.270000,-1.081000,-0.366000,4.885000,-1.122000
0.430000,-0.271000,-1.068000,1.084000,5.939000,2.977000
0.408000,-0.275000,-1.050000,2.511000,5.435000,6.969000
0.391000,-0.291000,-1.026000,2.168000,3.878000,8.847000
0.385000,-0.309000,-1.033000,0.466000,2.374000,8.015000
0.382000,-0.354000,-1.031000,-1.740000,1.145000,4.000000
0.392000,-0.388000,-1.043000,-4.229000,0.298000,-2.794000
0.404000,-0.372000,-1.053000,-5.298000,-0.160000,-7.534000
0.410000,-0.349000,-1.062000,-5.115000,-0.389000,-8.786000
0.422000,-0.330000,-1.071000,-3.710000,-0.191000,-7.313000
0.435000,-0.312000,-1.087000,-1.137000,0.672000,-3.557000
0.429000,-0.293000,-1.072000,0.282000,1.725000,0.763000
0.425000,-0.288000,-1.058000,-0.183000,1.702000,3.519000
0.430000,-0.313000,-1.072000,-1.809000,2.802000,4.794000
0.422000,-0.351000,-1.065000,-1.466000,3.397000,5.221000
0.428000,-0.370000,-1.082000,-1.397000,2.756000,4.321000
0.454000,-0.417000,-1.106000,-0.733000,2.954000,1.947000
0.461000,-0.424000,-1.122000,0.542000,3.740000,-0.405000
0.480000,-0.437000,-1.137000,0.893000,5.534000,-1.618000
0.506000,-0.469000,-1.150000,0.855000,7.550000,-2.359000
0.529000,-0.523000,-1.203000,0.878000,9.031000,-2.405000
0.605000,-0.624000,-1.290000,3.275000,13.023000,-1.840000
0.680000,-0.753000,-1.368000,6.855000,19.947000,-2.099000
0.736000,-0.905000,-1.369000,13.832000,26.641000,-4.191000
0.768000,-1.082000,-1.432000,25.573000,31.695000,-6.107000
0.814000,-1.193000,-1.476000,41.313000,37.489000,-13.481000
0.831000,-1.292000,-1.520000,53.947000,45.641000,-28.137000
0.849000,-1.326000,-1.513000,64.771000,52.649000,-44.809000
0.867000,-1.310000,-1.534000,72.153000,59.885000,-59.313000
0.884000,-1.312000,-1.567000,78.214000,67.534000,-72.473000
0.946000,-1.330000,-1.604000,80.191000,79.672000,-83.321000
0.955000,-1.369000,-1.618000,91.145000,90.748000,-87.870000
0.938000,-1.375000,-1.615000,105.290000,100.496000,-87.924000
0.889000,-1.375000,-1.619000,122.580000,107.687000,-88.267000
0.830000,-1.454000,-1.629000,138.855000,111.977000,-90.069000
0.814000,-1.475000,-1.633000,152.672000,118.176000,-97.916000
0.778000,-1.476000,-1.630000,161.832000,127.198000,-110.725000
0.726000,-1.408000,-1.594000,165.962000,137.092000,-123.000000
0.623000,-1.378000,-1.502000,167.344000,143.489000,-136.130000
0.573000,-1.333000,-1.446000,164.878000,147.550000,-150.374000
0.503000,-1.335000,-1.425000,166.695000,151.985000,-163.855000
0.417000,-1.281000,-1.369000,171.725000,154.076000,-174.282000
0.337000,-1.225000,-1.332000,181.053000,155.023000,-179.618000
0.208000,-1.169000,-1.235000,195.214000,150.603000,-179.580000
0.187000,-1.143000,-1.191000,209.099000,145.359000,-179.626000
0.157000,-1.043000,-1.125000,219.809000,140.473000,-179.748000
0.123000,-0.935000,-1.051000,224.679000,134.084000,-180.313000
0.135000,-0.913000,-0.996000,221.962000,125.878000,-185.351000
0.142000,-0.924000,-1.033000,217.595000,119.153000,-192.725000
0.146000,-0.980000,-1.083000,213.718000,116.718000,-204.115000
0.138000,-0.998000,-1.072000,214.176000,117.931000,-219.137000
0.085000,-0.883000,-1.007000,219.427000,115.656000,-226.557000
0.091000,-0.790000,-0.998000,226.489000,109.679000,-227.504000
0.138000,-0.676000,-1.080000,235.000000,104.916000,-221.863000
0.187000,-0.668000,-1.113000,243.603000,103.038000,-213.992000
0.177000,-0.616000,-1.140000,250.130000,101.870000,-207.641000
0.097000,-0.663000,-1.114000,250.130000,99.137000,-208.008000
-0.022000,-0.571000,-1.050000,250.130000,90.832000,-215.939000
-0.010000,-0.413000,-1.109000,250.130000,83.840000,-221.847000
0.010000,-0.294000,-1.176000,250.130000,86.550000,-224.733000
-0.069000,-0.165000,-1.107000,250.130000,85.275000,-223.603000
-0.119000,0.015000,-1.053000,250.130000,78.588000,-221.145000
-0.102000,0.204000,-1.067000,250.130000,70.489000,-216.893000
-0.048000,0.416000,-1.058000,248.435000,67.550000,-214.863000
-0.018000,0.603000,-1.001000,233.718000,64.802000,-210.687000
-0.003000,0.737000,-0.968000,223.382000,62.534000,-203.656000
0.058000,0.939000,-0.948000,214.427000,60.687000,-190.771000
0.134000,1.112000,-0.927000,206.947000,58.405000,-169.969000
0.211000,1.240000,-0.875000,203.305000,57.405000,-143.908000
0.239000,1.378000,-0.766000,195.130000,54.748000,-117.992000
0.263000,1.441000,-0.699000,178.924000,48.779000,-95.847000
0.349000,1.347000,-0.657000,159.313000,44.176000,-82.061000
0.386000,1.243000,-0.631000,138.053000,41.313000,-78.031000
0.443000,1.217000,-0.624000,118.763000,40.481000,-78.939000
0.482000,1.186000,-0.561000,102.366000,38.924000,-74.137000
0.520000,1.185000,-0.510000,94.687000,34.405000,-62.366000
0.571000,1.145000,-0.445000,90.786000,28.763000,-45.168000
0.636000,1.108000,-0.397000,87.366000,22.366000,-27.664000
0.661000,1.025000,-0.351000,83.145000,15.840000,-16.496000
0.700000,0.990000,-0.332000,71.992000,11.053000,-13.710000
0.709000,0.929000,-0.320000,56.183000,6.069000,-17.275000
0.740000,0.870000,-0.306000,43.405000,1.092000,-22.656000
0.778000,0.889000,-0.308000,32.885000,-2.244000,-24.198000
0.863000,0.887000,-0.329000,24.748000,-1.198000,-19.985000
0.893000,0.833000,-0.298000,19.847000,1.130000,-10.504000
0.881000,0.742000,-0.273000,17.282000,1.145000,-5.183000
0.903000,0.708000,-0.311000,12.099000,2.389000,-1.275000
0.892000,0.619000,-0.319000,7.038000,4.153000,-0.916000
0.846000,0.599000,-0.260000,4.336000,2.267000,-1.145000
0.856000,0.591000,-0.270000,2.290000,-0.863000,0.878000
0.862000,0.579000,-0.206000,0.672000,-3.038000,2.107000
0.877000,0.531000,-0.194000,-4.015000,-6.046000,1.336000
0.915000,0.501000,-0.193000,-6.962000,-7.008000,0.595000
0.931000,0.491000,-0.168000,-8.985000,-7.656000,2.321000
0.921000,0.447000,-0.173000,-9.023000,-9.718000,5.191000
0.939000,0.396000,-0.249000,-5.527000,-10.542000,8.244000
0.963000,0.407000,-0.268000,-1.542000,-8.626000,10.481000
