0.782000,0.002000,-0.751000,-23.344000,-0.641000,-6.794000
0.772000,0.000000,-0.754000,-28.931000,-0.611000,-8.733000
0.769000,-0.016000,-0.771000,-32.046000,-0.916000,-10.947000
0.764000,-0.033000,-0.800000,-32.107000,-1.374000,-12.702000
0.783000,-0.042000,-0.827000,-27.450000,-1.832000,-13.282000
0.795000,-0.056000,-0.881000,-16.260000,-1.374000,-11.389000
0.815000,-0.059000,-0.935000,5.832000,-2.244000,-5.191000
0.847000,-0.103000,-1.008000,39.298000,-1.939000,4.412000
0.854000,-0.141000,-1.070000,84.473000,-4.031000,18.443000
0.892000,-0.269000,-1.253000,153.740000,-4.153000,34.366000
0.922000,-0.260000,-1.333000,237.084000,-2.260000,57.878000
0.961000,-0.384000,-1.451000,315.115000,3.542000,74.412000
0.993000,-0.414000,-1.558000,384.336000,16.702000,85.115000
1.021000,-0.544000,-1.673000,442.672000,39.756000,83.466000
0.975000,-0.651000,-1.681000,487.511000,65.832000,69.267000
0.920000,-0.659000,-1.694000,500.260000,89.588000,50.290000
0.874000,-0.623000,-1.620000,500.260000,110.931000,36.626000
0.817000,-0.531000,-1.567000,500.260000,127.679000,25.832000
0.767000,-0.510000,-1.552000,500.260000,145.527000,16.397000
0.726000,-0.452000,-1.534000,500.260000,169.069000,2.947000
0.700000,-0.320000,-1.486000,500.260000,196.672000,-9.496000
0.615000,-0.144000,-1.298000,500.260000,223.557000,-20.885000
0.526000,0.137000,-0.942000,500.260000,236.198000,-25.130000
0.495000,0.425000,-0.493000,500.260000,222.305000,-19.618000
0.524000,0.682000,-0.092000,500.260000,197.649000,-10.855000
0.530000,0.728000,0.320000,500.260000,174.427000,-19.374000
0.566000,0.715000,0.738000,385.710000,144.290000,-30.611000
0.551000,0.671000,0.995000,256.809000,109.420000,-41.099000
0.582000,0.489000,1.043000,152.168000,75.420000,-44.641000
0.595000,0.242000,0.918000,79.313000,46.214000,-42.244000
0.613000,0.026000,0.683000,45.130000,23.267000,-33.908000
0.628000,-0.168000,0.496000,37.115000,6.748000,-23.405000
0.668000,-0.348000,0.326000,39.893000,-1.389000,-18.198000
0.707000,-0.403000,0.250000,42.931000,-2.641000,-16.412000
0.726000,-0.389000,0.238000,46.153000,-2.580000,-14.000000
0.761000,-0.368000,0.249000,47.573000,-1.802000,-11.298000
0.792000,-0.338000,0.291000,44.992000,-1.481000,-9.435000
0.802000,-0.325000,0.315000,36.519000,-1.252000,-10.779000
0.797000,-0.309000,0.347000,26.672000,-2.153000,-14.305000
0.802000,-0.281000,0.380000,17.557000,-5.618000,-17.298000
0.839000,-0.267000,0.373000,11.588000,-8.244000,-17.328000
0.861000,-0.250000,0.349000,7.710000,-10.550000,-14.962000
0.884000,-0.271000,0.286000,5.450000,-9.435000,-11.725000
0.884000,-0.278000,0.264000,3.985000,-7.832000,-8.336000
0.888000,-0.287000,0.250000,1.969000,-6.397000,-4.718000
0.887000,-0.290000,0.233000,-1.679000,-3.908000,-0.748000
0.879000,-0.314000,0.213000,-6.351000,-0.519000,1.374000
0.882000,-0.310000,0.234000,-10.198000,2.885000,3.405000
0.860000,-0.318000,0.248000,-11.176000,4.794000,6.672000
0.851000,-0.379000,0.251000,-10.198000,6.137000,8.672000
0.834000,-0.409000,0.299000,-8.260000,6.168000,9.527000
0.831000,-0.438000,0.333000,-8.076000,4.687000,8.794000
0.815000,-0.461000,0.346000,-8.443000,2.412000,6.809000
0.827000,-0.498000,0.332000,-8.183000,1.756000,2.519000
0.827000,-0.468000,0.344000,-7.603000,0.321000,-0.382000
0.836000,-0.441000,0.339000,-7.649000,-1.435000,-1.771000
0.834000,-0.422000,0.331000,-8.641000,-2.733000,-3.313000
0.849000,-0.411000,0.300000,-11.023000,-2.580000,-5.115000
0.867000,-0.390000,0.289000,-11.908000,-1.298000,-5.344000
0.872000,-0.365000,0.296000,-11.756000,-0.015000,-3.344000
0.861000,-0.365000,0.308000,-12.748000,-0.427000,-1.832000
0.871000,-0.397000,0.274000,-13.359000,1.527000,-2.458000
0.852000,-0.385000,0.291000,-11.450000,2.733000,-1.053000
0.833000,-0.388000,0.314000,-8.519000,1.832000,1.053000
0.812000,-0.399000,0.329000,-8.031000,0.672000,1.053000
0.795000,-0.408000,0.334000,-9.969000,-0.351000,-1.328000
0.799000,-0.387000,0.334000,-12.718000,-2.000000,-2.962000
0.814000,-0.364000,0.332000,-14.427000,-3.542000,-2.473000
0.833000,-0.367000,0.302000,-15.634000,-3.573000,-1.969000
0.844000,-0.378000,0.283000,-16.092000,-2.046000,-1.664000
0.850000,-0.403000,0.287000,-13.985000,-0.534000,-0.687000
0.844000,-0.390000,0.296000,-11.176000,0.229000,1.069000
0.833000,-0.388000,0.304000,-9.267000,0.183000,2.519000
0.824000,-0.412000,0.313000,-8.321000,0.550000,2.168000
0.817000,-0.404000,0.335000,-9.389000,-0.397000,1.206000
0.819000,-0.397000,0.334000,-10.366000,-1.939000,0.275000
0.836000,-0.415000,0.310000,-11.725000,-1.924000,-0.702000
0.837000,-0.410000,0.302000,-12.733000,-1.954000,-1.389000
0.848000,-0.417000,0.297000,-12.779000,-1.618000,-1.588000
0.852000,-0.414000,0.288000,-12.626000,-1.252000,-0.809000
0.846000,-0.427000,0.305000,-11.725000,-1.573000,-0.214000
0.862000,-0.451000,0.274000,-10.458000,-1.069000,-0.504000
0.859000,-0.431000,0.288000,-8.092000,-0.229000,-0.580000
0.861000,-0.407000,0.296000,-6.977000,-0.550000,0.061000
0.846000,-0.414000,0.291000,-7.832000,-0.809000,-0.015000
0.853000,-0.406000,0.300000,-9.832000,-1.053000,-0.885000
0.843000,-0.394000,0.312000,-11.756000,-1.679000,-1.145000
0.863000,-0.396000,0.289000,-13.496000,-2.366000,-0.748000
0.855000,-0.411000,0.272000,-14.336000,-1.267000,-0.260000
0.860000,-0.437000,0.273000,-13.664000,0.153000,-0.214000
0.855000,-0.446000,0.284000,-11.359000,0.382000,-0.046000
0.839000,-0.457000,0.308000,-9.481000,-0.412000,-0.809000
0.823000,-0.473000,0.294000,-8.626000,-0.885000,-2.794000
0.824000,-0.446000,0.299000,-8.183000,-1.664000,-5.023000
0.839000,-0.408000,0.298000,-7.389000,-2.275000,-5.573000
0.850000,-0.388000,0.289000,-7.344000,-2.382000,-4.412000
0.857000,-0.385000,0.289000,-8.198000,-1.740000,-3.359000
0.854000,-0.376000,0.295000,-9.985000,-1.252000,-2.382000
0.852000,-0.377000,0.301000,-11.527000,-0.885000,-1.405000
0.858000,-0.406000,0.279000,-11.908000,-0.321000,-0.366000
0.846000,-0.429000,0.299000,-11.359000,-0.366000,-0.214000
